1519925861.945729 "[24.0, 24.25, 24.75, 24.25, 24.0, 24.0, 24.25, 25.5, 24.25, 23.75, 24.5, 24.0, 24.0, 24.25, 24.0, 24.25, 25.0, 24.75, 24.5, 24.25, 24.25, 24.5, 24.0, 25.0, 25.0, 22.5, 24.5, 20.5, 24.5, 28.5, 24.5, 21.0, 25.25, 25.25, 24.75, 24.75, 24.25, 24.25, 24.25, 25.0, 25.0, 25.0, 25.75, 25.0, 25.0, 24.75, 25.5, 24.75, 25.25, 26.0, 27.75, 26.5, 25.75, 25.25, 24.75, 25.0, 25.75, 26.75, 27.0, 27.0, 25.75, 26.25, 25.5, 25.5]"
1519925861.98842 "[24.0, 24.25, 24.75, 24.25, 24.0, 24.0, 24.25, 25.5, 24.25, 23.75, 24.5, 24.0, 24.0, 24.25, 24.0, 24.25, 25.0, 24.75, 24.5, 24.25, 24.25, 24.5, 24.0, 24.25, 24.5, 24.5, 24.5, 24.25, 24.5, 25.0, 24.5, 24.5, 25.25, 25.0, 25.25, 25.0, 24.5, 24.75, 24.5, 24.5, 25.0, 25.0, 26.0, 25.5, 25.25, 24.75, 24.75, 25.0, 25.25, 26.5, 27.75, 27.0, 25.75, 25.75, 24.75, 25.5, 25.75, 27.25, 26.75, 26.5, 26.25, 25.75, 25.75, 26.0]"
1519925862.030951 "[24.5, 24.0, 24.25, 24.75, 24.0, 24.0, 24.5, 25.0, 24.0, 24.0, 24.5, 24.5, 23.5, 24.5, 24.5, 24.25, 25.0, 24.5, 24.25, 24.5, 23.75, 23.75, 24.25, 24.25, 24.5, 24.5, 24.5, 24.25, 24.5, 25.0, 24.5, 24.5, 25.25, 25.0, 25.25, 25.0, 24.5, 24.75, 24.5, 24.5, 25.0, 25.0, 26.0, 25.5, 25.25, 24.75, 24.75, 25.0, 25.25, 26.5, 27.75, 27.0, 25.75, 25.75, 24.75, 25.5, 25.75, 27.25, 26.75, 26.5, 26.25, 25.75, 25.75, 26.0]"
1519925862.072927 "[24.5, 24.0, 24.25, 24.75, 24.0, 24.0, 24.5, 25.0, 24.0, 24.0, 24.5, 24.5, 23.5, 24.5, 24.5, 24.25, 25.0, 24.5, 24.25, 24.5, 23.75, 23.75, 24.25, 24.25, 24.5, 24.5, 24.5, 24.25, 24.5, 25.0, 24.5, 24.5, 25.25, 25.0, 25.25, 25.0, 24.5, 24.75, 24.5, 24.5, 25.0, 25.0, 26.0, 25.5, 25.25, 24.75, 24.75, 25.0, 25.25, 26.5, 27.75, 27.0, 26.0, 25.25, 25.0, 25.0, 26.0, 26.75, 26.25, 26.5, 26.5, 26.25, 25.5, 26.0]"
1519925862.115724 "[24.0, 24.75, 24.5, 24.5, 24.25, 24.25, 24.25, 25.0, 24.25, 24.0, 24.0, 23.75, 24.5, 24.0, 24.25, 24.0, 24.75, 24.5, 24.25, 24.75, 24.5, 24.5, 24.25, 24.75, 24.25, 24.5, 24.5, 24.75, 25.0, 25.0, 24.25, 24.5, 25.0, 24.5, 25.25, 24.75, 24.75, 24.5, 24.5, 25.0, 25.25, 25.75, 26.0, 25.5, 24.75, 24.75, 24.75, 24.75, 25.5, 26.25, 27.5, 27.5, 26.0, 25.25, 25.0, 25.0, 26.0, 26.75, 26.25, 26.5, 26.5, 26.25, 25.5, 26.0]"
1519925862.162487 "[24.0, 24.75, 24.5, 24.5, 24.25, 24.25, 24.25, 25.0, 24.25, 24.0, 24.0, 23.75, 24.5, 24.0, 24.25, 24.0, 24.75, 24.5, 24.25, 24.75, 24.5, 24.5, 24.25, 24.75, 24.25, 24.5, 24.5, 24.75, 25.0, 25.0, 24.25, 24.5, 25.0, 24.5, 25.25, 24.75, 24.75, 24.5, 24.5, 25.0, 25.25, 25.75, 26.0, 25.5, 24.75, 24.75, 24.75, 24.75, 25.5, 26.25, 27.5, 27.5, 26.0, 25.25, 25.0, 25.0, 26.0, 26.75, 26.25, 26.5, 26.5, 26.25, 25.5, 26.0]"
1519925862.207711 "[24.0, 24.75, 24.5, 24.5, 24.25, 24.25, 24.25, 25.0, 24.25, 24.0, 24.25, 24.0, 23.5, 24.25, 24.5, 24.5, 25.25, 24.5, 24.5, 24.5, 24.5, 24.0, 24.25, 24.75, 24.75, 24.75, 24.25, 24.25, 24.25, 24.75, 24.5, 24.5, 25.25, 24.75, 24.75, 25.25, 24.5, 24.5, 24.25, 24.5, 25.0, 26.5, 26.75, 25.5, 24.75, 24.75, 25.0, 24.5, 25.5, 26.0, 27.5, 26.75, 25.75, 25.5, 25.5, 25.5, 25.75, 26.25, 26.5, 26.25, 25.75, 26.25, 25.25, 25.5]"
1519925862.249779 "[24.5, 24.25, 24.75, 24.25, 24.25, 23.75, 24.0, 25.0, 24.0, 24.0, 24.25, 24.0, 23.5, 24.25, 24.5, 24.5, 25.25, 24.5, 24.5, 24.5, 24.5, 24.0, 24.25, 24.75, 24.75, 24.75, 24.25, 24.25, 24.25, 24.75, 24.5, 24.5, 25.25, 24.75, 24.75, 25.25, 24.5, 24.5, 24.25, 24.5, 25.0, 26.5, 26.75, 25.5, 24.75, 24.75, 25.0, 24.5, 25.5, 26.0, 27.5, 26.75, 25.75, 25.5, 25.5, 25.5, 25.75, 26.25, 26.5, 26.25, 25.75, 26.25, 25.25, 25.5]"
1519925862.291903 "[24.5, 24.25, 24.75, 24.25, 24.25, 23.75, 24.0, 25.0, 24.0, 24.0, 24.25, 24.0, 23.5, 24.25, 24.5, 24.5, 25.25, 24.5, 24.5, 24.5, 24.5, 24.0, 24.25, 24.75, 24.75, 24.75, 24.25, 24.25, 24.25, 24.75, 24.5, 24.5, 25.25, 25.75, 25.5, 25.0, 24.5, 24.75, 24.5, 24.75, 25.5, 27.0, 27.5, 26.75, 24.75, 24.75, 25.0, 25.0, 25.5, 25.75, 26.75, 26.5, 26.0, 26.0, 24.5, 25.5, 26.0, 26.75, 26.75, 26.25, 26.0, 26.0, 25.5, 25.5]"
1519925862.335211 "[24.0, 24.25, 24.5, 24.25, 24.25, 24.0, 24.5, 25.0, 24.25, 24.0, 24.25, 24.25, 24.25, 24.5, 24.25, 24.25, 25.25, 24.5, 24.75, 24.5, 24.5, 24.25, 24.0, 25.0, 24.75, 24.75, 24.0, 24.25, 24.75, 24.75, 24.5, 24.75, 25.0, 25.75, 25.5, 25.0, 24.5, 24.75, 24.5, 24.75, 25.5, 27.0, 27.5, 26.75, 24.75, 24.75, 25.0, 25.0, 25.5, 25.75, 26.75, 26.5, 26.0, 26.0, 24.5, 25.5, 26.0, 26.75, 26.75, 26.25, 26.0, 26.0, 25.5, 25.5]"
1519925862.379537 "[24.0, 24.25, 24.5, 24.25, 24.25, 24.0, 24.5, 25.0, 24.25, 24.0, 24.25, 24.25, 24.25, 24.5, 24.25, 24.25, 25.25, 24.5, 24.75, 24.5, 24.5, 24.25, 24.0, 25.0, 24.75, 24.75, 24.0, 24.25, 24.75, 24.75, 24.5, 24.75, 25.0, 25.75, 25.5, 25.0, 24.5, 24.75, 24.5, 24.75, 25.5, 27.0, 27.5, 26.75, 24.75, 24.75, 25.0, 25.0, 25.5, 25.75, 26.75, 26.5, 26.0, 26.0, 24.5, 25.5, 26.0, 26.75, 26.25, 26.75, 26.25, 26.25, 25.0, 26.25]"
1519925862.422276 "[23.75, 24.5, 24.25, 24.75, 24.25, 24.0, 24.5, 25.5, 24.25, 24.0, 24.0, 24.25, 24.0, 24.75, 24.5, 24.25, 25.0, 25.0, 24.75, 24.5, 24.75, 24.25, 24.0, 24.75, 25.0, 25.0, 24.75, 24.5, 24.5, 25.25, 24.75, 24.25, 25.5, 26.75, 26.25, 25.75, 24.5, 24.5, 24.75, 25.0, 25.5, 26.5, 27.25, 26.5, 24.75, 24.75, 25.0, 24.75, 25.75, 25.75, 26.25, 26.25, 26.25, 25.25, 25.25, 25.25, 25.5, 26.0, 26.25, 26.75, 26.25, 26.25, 25.0, 26.25]"
1519925862.465764 "[23.75, 24.5, 24.25, 24.75, 24.25, 24.0, 24.5, 25.5, 24.25, 24.0, 24.0, 24.25, 24.0, 24.75, 24.5, 24.25, 25.0, 25.0, 24.75, 24.5, 24.75, 24.25, 24.0, 24.75, 25.0, 25.0, 24.75, 24.5, 24.5, 25.25, 24.75, 24.25, 25.5, 26.75, 26.25, 25.75, 24.5, 24.5, 24.75, 25.0, 25.5, 26.5, 27.25, 26.5, 24.75, 24.75, 25.0, 24.75, 25.75, 25.75, 26.25, 26.25, 26.25, 25.25, 25.25, 25.25, 25.5, 26.0, 26.25, 26.75, 26.25, 26.25, 25.0, 26.25]"
1519925862.50722 "[23.75, 24.5, 24.25, 24.75, 24.25, 24.0, 24.5, 25.5, 24.25, 24.0, 24.0, 24.25, 24.0, 24.75, 24.5, 24.25, 25.0, 25.0, 24.75, 24.5, 24.75, 24.25, 24.0, 24.5, 25.5, 26.0, 25.0, 24.75, 24.75, 24.5, 24.5, 24.75, 25.75, 27.25, 27.25, 26.5, 25.0, 25.0, 24.0, 24.5, 25.75, 26.0, 26.25, 25.75, 25.0, 25.0, 25.25, 25.25, 25.5, 25.5, 26.25, 26.25, 26.25, 25.0, 25.0, 25.0, 25.75, 26.25, 27.0, 26.25, 26.5, 25.75, 26.0, 26.0]"
1519925862.576117 "[23.75, 24.0, 24.5, 24.5, 24.5, 24.5, 24.25, 24.75, 24.0, 24.0, 24.75, 24.25, 23.5, 24.75, 24.5, 24.25, 25.0, 24.75, 24.75, 25.0, 24.25, 24.25, 24.0, 24.5, 25.5, 26.0, 25.0, 24.75, 24.75, 24.5, 24.5, 24.75, 25.75, 27.25, 27.25, 26.5, 25.0, 25.0, 24.0, 24.5, 25.75, 26.0, 26.25, 25.75, 25.0, 25.0, 25.25, 25.25, 25.5, 25.5, 26.25, 26.25, 26.25, 25.0, 25.0, 25.0, 25.75, 26.25, 27.0, 26.25, 26.5, 25.75, 26.0, 26.0]"
1519925862.644764 "[23.75, 24.0, 24.5, 24.5, 24.5, 24.5, 24.25, 25.75, 24.25, 23.75, 24.25, 24.0, 24.25, 24.75, 24.5, 24.5, 24.75, 25.25, 25.0, 24.5, 24.0, 24.5, 24.25, 24.75, 25.5, 26.75, 26.0, 25.0, 24.75, 25.25, 24.5, 24.75, 25.75, 27.75, 27.5, 26.5, 25.0, 24.75, 24.5, 24.75, 25.75, 25.5, 25.5, 25.5, 25.0, 24.5, 25.25, 24.75, 25.5, 25.25, 26.5, 26.25, 26.25, 25.5, 25.5, 25.5, 26.0, 26.0, 26.25, 26.75, 26.0, 26.5, 26.25, 26.0]"
1519925862.715955 "[24.25, 23.75, 24.75, 24.5, 24.25, 24.0, 24.25, 25.75, 24.25, 23.75, 24.25, 24.0, 24.25, 24.75, 24.5, 24.5, 24.75, 25.25, 25.0, 24.5, 24.0, 24.5, 24.25, 24.75, 25.5, 26.75, 26.0, 25.0, 24.75, 25.25, 24.5, 24.75, 25.75, 27.75, 27.5, 26.0, 25.0, 24.25, 24.5, 24.5, 25.5, 25.25, 25.5, 25.25, 25.0, 24.75, 25.0, 24.5, 26.0, 25.75, 26.25, 26.0, 25.75, 25.25, 25.5, 25.5, 25.5, 26.75, 27.25, 26.75, 25.75, 26.25, 26.0, 26.0]"
1519925862.788354 "[24.25, 24.5, 24.5, 24.25, 24.5, 24.5, 24.75, 25.0, 24.75, 25.0, 24.25, 24.25, 24.25, 24.75, 24.5, 24.5, 25.75, 26.25, 25.25, 24.5, 24.25, 24.5, 24.5, 24.75, 25.75, 27.0, 26.5, 25.5, 24.5, 24.75, 24.5, 24.5, 26.0, 26.5, 26.25, 26.0, 25.0, 24.25, 24.5, 24.5, 25.5, 25.25, 25.5, 25.25, 25.0, 24.75, 25.0, 24.5, 26.0, 25.75, 26.25, 26.0, 25.75, 25.25, 25.5, 25.5, 25.5, 26.75, 27.25, 26.75, 25.75, 26.25, 26.0, 26.0]"
1519925862.85695 "[24.25, 24.25, 24.5, 24.5, 24.25, 24.0, 24.5, 25.0, 24.5, 24.75, 24.25, 24.5, 23.75, 24.25, 24.25, 23.75, 25.75, 26.75, 25.5, 24.5, 24.25, 24.25, 24.25, 24.5, 25.5, 27.0, 27.0, 25.5, 25.0, 25.0, 24.5, 24.75, 25.75, 25.25, 25.5, 25.0, 25.0, 24.75, 24.0, 25.25, 24.75, 25.0, 25.0, 25.5, 25.0, 24.75, 25.25, 24.5, 25.5, 25.25, 26.0, 26.5, 25.75, 25.0, 25.0, 25.5, 26.25, 27.0, 26.75, 26.25, 25.75, 26.0, 25.75, 25.5]"
1519925862.930978 "[24.0, 24.25, 24.5, 24.5, 24.25, 24.0, 24.5, 25.0, 24.5, 24.75, 24.25, 24.5, 23.75, 24.25, 24.25, 23.75, 25.75, 26.75, 25.5, 24.5, 24.25, 24.25, 24.25, 24.5, 25.5, 27.0, 27.0, 25.5, 25.0, 25.0, 24.5, 24.75, 25.75, 25.5, 25.25, 25.5, 24.5, 25.0, 24.25, 25.0, 25.0, 25.25, 25.25, 25.0, 24.5, 25.0, 24.75, 24.5, 26.25, 25.0, 26.0, 26.0, 25.5, 25.25, 25.0, 25.25, 26.0, 26.0, 26.75, 25.75, 26.25, 26.0, 25.0, 26.0]"
1519925863.003841 "[24.25, 24.25, 24.5, 24.75, 24.0, 23.75, 24.5, 25.5, 24.25, 25.25, 25.0, 24.5, 24.0, 24.5, 24.75, 23.75, 25.75, 27.0, 25.75, 24.75, 24.5, 24.25, 24.0, 25.0, 25.0, 26.0, 26.25, 25.5, 24.75, 24.5, 24.75, 24.75, 25.5, 25.5, 25.25, 25.5, 24.5, 25.0, 24.25, 25.0, 25.0, 25.25, 25.25, 25.0, 24.5, 25.0, 24.75, 24.5, 26.25, 25.0, 26.0, 26.0, 25.5, 25.25, 25.0, 25.25, 26.0, 26.25, 26.75, 26.25, 26.25, 26.5, 25.5, 26.0]"
1519925863.049254 "[24.75, 24.75, 24.5, 24.5, 24.25, 24.0, 24.5, 25.5, 25.5, 26.5, 25.25, 24.75, 24.25, 24.75, 24.75, 24.5, 25.75, 27.25, 26.5, 25.0, 24.5, 24.5, 24.5, 24.75, 25.0, 25.0, 25.75, 25.5, 24.75, 24.75, 24.5, 24.5, 25.5, 25.25, 25.25, 25.0, 24.5, 24.75, 24.5, 25.0, 25.25, 24.75, 25.25, 25.75, 25.0, 24.25, 25.0, 24.75, 25.0, 25.75, 26.75, 26.5, 25.75, 25.5, 25.0, 25.75, 26.0, 26.25, 26.75, 26.25, 26.25, 26.5, 25.5, 26.0]"
1519925863.095762 "[24.75, 24.75, 24.5, 24.5, 24.25, 24.0, 24.5, 25.5, 25.5, 26.5, 25.25, 24.75, 24.25, 24.75, 24.75, 24.5, 25.75, 27.25, 26.5, 25.0, 24.5, 24.5, 24.5, 24.75, 25.0, 25.0, 25.75, 25.5, 24.75, 24.75, 24.5, 24.5, 25.5, 25.25, 25.25, 25.0, 24.5, 24.75, 24.5, 25.0, 25.25, 24.75, 25.25, 25.75, 25.0, 24.25, 25.0, 24.75, 25.0, 25.75, 26.75, 26.5, 25.75, 25.5, 25.0, 25.75, 26.0, 26.25, 26.75, 26.25, 26.25, 26.5, 25.5, 26.0]"
1519925863.137231 "[24.75, 24.75, 24.5, 24.5, 24.25, 24.0, 24.5, 25.25, 25.25, 26.25, 25.0, 25.0, 24.5, 24.75, 24.5, 24.25, 25.5, 26.25, 27.0, 24.75, 24.5, 24.75, 24.25, 25.0, 25.5, 25.0, 24.75, 24.75, 24.5, 25.25, 24.5, 24.5, 25.25, 24.75, 25.5, 25.0, 24.5, 24.5, 24.5, 25.0, 25.25, 25.25, 25.25, 25.0, 25.0, 24.75, 25.0, 24.5, 25.25, 25.0, 25.75, 26.25, 25.75, 24.75, 25.25, 25.25, 26.25, 26.25, 26.25, 26.0, 26.25, 26.0, 26.0, 26.5]"
1519925863.178239 "[25.0, 24.75, 25.0, 25.25, 25.0, 24.5, 24.5, 25.25, 25.25, 26.25, 25.0, 25.0, 24.5, 24.75, 24.5, 24.25, 25.5, 26.25, 27.0, 24.75, 24.5, 24.75, 24.25, 25.0, 25.5, 25.0, 24.75, 24.75, 24.5, 25.25, 24.5, 24.5, 25.25, 24.75, 25.5, 25.0, 24.5, 24.5, 24.5, 25.0, 25.25, 25.25, 25.25, 25.0, 25.0, 24.75, 25.0, 24.5, 25.25, 25.0, 25.75, 26.25, 25.75, 24.75, 25.25, 25.25, 26.25, 26.25, 26.25, 26.0, 26.25, 26.0, 26.0, 26.5]"
1519925863.218763 "[25.0, 24.75, 25.0, 25.25, 25.0, 24.5, 24.5, 25.25, 25.25, 26.25, 25.0, 25.0, 24.5, 24.75, 24.5, 24.25, 25.5, 26.25, 27.0, 24.75, 24.5, 24.75, 24.25, 25.0, 25.5, 25.0, 24.75, 24.75, 24.5, 25.25, 24.5, 24.5, 25.25, 24.75, 25.5, 25.0, 24.5, 24.5, 24.5, 25.5, 24.75, 24.75, 25.5, 25.5, 24.75, 24.75, 25.0, 25.0, 25.5, 25.75, 26.0, 26.75, 25.5, 25.25, 25.0, 25.0, 26.0, 26.5, 26.75, 26.0, 26.25, 25.25, 25.75, 26.0]"
1519925863.25951 "[25.25, 25.5, 25.0, 24.5, 24.25, 24.0, 24.75, 25.5, 25.25, 26.75, 25.5, 25.0, 24.0, 24.75, 24.5, 24.75, 25.25, 25.75, 26.75, 25.25, 24.75, 24.75, 24.75, 25.0, 24.75, 25.0, 24.75, 24.75, 24.5, 24.5, 24.75, 24.25, 25.5, 25.25, 25.0, 24.75, 24.75, 25.0, 24.75, 25.5, 24.75, 24.75, 25.5, 25.5, 24.75, 24.75, 25.0, 25.0, 25.5, 25.75, 26.0, 26.75, 25.5, 25.25, 25.0, 25.0, 26.0, 26.5, 26.75, 26.0, 26.25, 25.25, 25.75, 26.0]"
1519925863.300171 "[25.25, 25.5, 25.0, 24.5, 24.25, 24.0, 24.75, 25.5, 25.25, 26.75, 25.5, 25.0, 24.0, 24.75, 24.5, 24.75, 25.25, 25.75, 26.75, 25.25, 24.75, 24.75, 24.75, 25.0, 24.75, 25.0, 24.75, 24.75, 24.5, 24.5, 24.75, 24.25, 25.5, 25.25, 25.0, 24.75, 24.75, 25.0, 24.75, 25.5, 24.75, 24.75, 25.5, 25.5, 24.75, 24.75, 25.0, 25.0, 25.5, 25.75, 26.0, 26.75, 25.5, 25.25, 25.0, 25.0, 26.0, 26.5, 26.75, 26.0, 26.25, 25.25, 25.75, 26.0]"
1519925863.340957 "[25.25, 25.5, 25.0, 24.5, 24.25, 24.0, 24.75, 25.5, 25.25, 26.75, 25.75, 25.0, 24.25, 24.75, 24.5, 24.5, 24.75, 25.0, 26.0, 25.25, 24.75, 24.5, 24.75, 24.75, 25.25, 25.0, 24.75, 24.75, 24.75, 25.0, 24.75, 25.0, 25.0, 25.0, 25.0, 25.0, 24.5, 24.75, 24.5, 25.25, 24.75, 25.0, 25.25, 25.0, 24.75, 24.75, 25.25, 24.5, 25.25, 25.25, 26.0, 26.5, 25.5, 25.25, 25.25, 25.5, 26.25, 26.0, 26.75, 26.0, 26.25, 26.0, 26.0, 26.0]"
1519925863.381087 "[25.25, 26.0, 25.75, 25.0, 24.5, 23.75, 24.25, 25.5, 25.25, 26.75, 25.75, 25.0, 24.25, 24.75, 24.5, 24.5, 24.75, 25.0, 26.0, 25.25, 24.75, 24.5, 24.75, 24.75, 25.25, 25.0, 24.75, 24.75, 24.75, 25.0, 24.75, 25.0, 25.0, 25.0, 25.0, 25.0, 24.5, 24.75, 24.5, 25.25, 24.75, 25.0, 25.25, 25.0, 24.75, 24.75, 25.25, 24.5, 25.25, 25.25, 26.0, 26.5, 25.5, 25.25, 25.25, 25.5, 26.25, 26.0, 26.75, 26.0, 26.25, 26.0, 26.0, 26.0]"
1519925863.425198 "[25.25, 26.0, 25.75, 25.0, 24.5, 23.75, 24.25, 25.5, 25.25, 26.75, 25.75, 25.0, 24.25, 24.75, 24.5, 24.5, 24.75, 25.0, 26.0, 25.25, 24.75, 24.5, 24.75, 24.75, 25.25, 25.0, 24.75, 24.75, 24.75, 25.0, 24.75, 25.0, 25.0, 25.0, 25.0, 25.0, 24.5, 24.75, 24.5, 25.25, 24.75, 25.0, 25.25, 25.0, 24.75, 24.75, 24.5, 24.75, 25.0, 25.25, 26.25, 26.75, 25.25, 25.25, 25.0, 24.75, 26.25, 26.25, 26.5, 25.5, 25.75, 26.0, 26.0, 26.5]"
1519925863.465923 "[25.0, 26.75, 26.0, 24.5, 24.75, 24.0, 24.75, 26.0, 25.0, 26.0, 26.0, 24.75, 24.25, 24.75, 24.5, 24.75, 25.5, 25.5, 25.5, 25.0, 24.5, 24.5, 24.5, 25.0, 25.25, 24.75, 24.75, 24.5, 25.0, 24.75, 24.25, 24.75, 25.5, 25.0, 25.25, 25.0, 24.75, 24.5, 24.5, 25.0, 24.75, 25.5, 25.25, 25.5, 24.75, 25.0, 24.5, 24.75, 25.0, 25.25, 26.25, 26.75, 25.25, 25.25, 25.0, 24.75, 26.25, 26.25, 26.5, 25.5, 25.75, 26.0, 26.0, 26.5]"
1519925863.505927 "[25.0, 26.75, 26.0, 24.5, 24.75, 24.0, 24.75, 26.0, 25.0, 26.0, 26.0, 24.75, 24.25, 24.75, 24.5, 24.75, 25.5, 25.5, 25.5, 25.0, 24.5, 24.5, 24.5, 25.0, 25.25, 24.75, 24.75, 24.5, 25.0, 24.75, 24.25, 24.75, 25.5, 25.0, 25.25, 25.0, 24.75, 24.5, 24.5, 25.0, 24.75, 25.5, 25.25, 25.5, 24.75, 25.0, 24.5, 24.75, 25.0, 25.25, 26.25, 26.75, 25.25, 25.25, 25.0, 24.75, 26.25, 26.25, 26.5, 25.5, 25.75, 26.0, 26.0, 26.5]"
1519925863.54712 "[25.0, 26.75, 26.0, 24.5, 24.75, 24.0, 24.75, 26.0, 25.0, 26.0, 26.0, 24.75, 24.5, 24.75, 24.5, 24.75, 24.75, 24.75, 25.5, 25.25, 24.5, 24.75, 24.5, 25.25, 24.75, 25.0, 24.5, 24.5, 25.0, 25.25, 24.5, 25.0, 25.5, 25.25, 25.25, 25.25, 24.75, 24.75, 24.75, 25.0, 24.75, 25.0, 25.5, 25.25, 25.0, 25.0, 25.5, 25.0, 25.5, 25.5, 26.0, 26.25, 25.25, 25.25, 25.0, 25.25, 26.25, 26.75, 26.25, 26.0, 26.25, 27.0, 26.0, 26.0]"
1519925863.588429 "[25.5, 26.75, 25.75, 25.0, 24.5, 24.25, 25.0, 25.5, 24.5, 25.0, 26.25, 25.25, 24.5, 24.75, 24.5, 24.75, 24.75, 24.75, 25.5, 25.25, 24.5, 24.75, 24.5, 25.25, 24.75, 25.0, 24.5, 24.5, 25.0, 25.25, 24.5, 25.0, 25.5, 25.25, 25.25, 25.25, 24.75, 24.75, 24.75, 25.0, 24.75, 25.0, 25.5, 25.25, 25.0, 25.0, 25.5, 25.0, 25.5, 25.5, 26.0, 26.25, 25.25, 25.25, 25.0, 25.25, 26.25, 26.75, 26.25, 26.0, 26.25, 27.0, 26.0, 26.0]"
1519925863.628251 "[25.5, 26.75, 25.75, 25.0, 24.5, 24.25, 25.0, 25.5, 24.5, 25.0, 26.25, 25.25, 24.5, 24.75, 24.5, 24.75, 24.75, 24.75, 25.5, 25.25, 24.5, 24.75, 24.5, 25.25, 24.75, 25.0, 24.5, 24.5, 25.0, 25.25, 24.5, 25.0, 25.5, 25.25, 25.25, 25.25, 24.75, 24.75, 24.75, 25.0, 24.75, 25.0, 25.5, 25.25, 25.0, 25.25, 25.0, 25.0, 25.75, 25.75, 26.0, 26.25, 25.5, 25.5, 25.0, 25.5, 26.25, 26.75, 26.25, 25.75, 26.25, 26.5, 26.0, 26.0]"
1519925863.66873 "[25.0, 25.75, 26.75, 25.25, 24.5, 24.25, 25.25, 25.5, 24.5, 25.0, 25.0, 25.5, 24.25, 24.75, 24.5, 25.25, 25.25, 24.5, 25.75, 25.0, 25.0, 24.5, 24.5, 24.75, 25.5, 24.5, 25.0, 24.75, 24.75, 24.75, 24.5, 24.5, 25.25, 25.0, 25.25, 24.75, 24.5, 25.0, 25.0, 24.5, 24.75, 25.0, 25.5, 25.25, 25.0, 25.25, 25.0, 25.0, 25.75, 25.75, 26.0, 26.25, 25.5, 25.5, 25.0, 25.5, 26.25, 26.75, 26.25, 25.75, 26.25, 26.5, 26.0, 26.0]"
1519925863.709537 "[25.0, 25.75, 26.75, 25.25, 24.5, 24.25, 25.25, 25.5, 24.5, 25.0, 25.0, 25.5, 24.25, 24.75, 24.5, 25.25, 25.25, 24.5, 25.75, 25.0, 25.0, 24.5, 24.5, 24.75, 25.5, 24.5, 25.0, 24.75, 24.75, 24.75, 24.5, 24.5, 25.25, 25.0, 25.25, 24.75, 24.5, 25.0, 25.0, 24.5, 24.75, 25.0, 25.5, 25.25, 25.0, 25.25, 25.0, 25.0, 25.75, 25.75, 26.0, 26.25, 25.5, 25.5, 25.0, 25.5, 26.25, 26.75, 26.25, 25.75, 26.25, 26.5, 26.0, 26.0]"
1519925863.776527 "[25.0, 25.75, 26.75, 25.25, 24.5, 24.25, 25.25, 25.5, 24.5, 25.0, 25.0, 25.5, 24.0, 24.25, 24.75, 25.0, 24.75, 25.25, 25.0, 24.75, 24.25, 24.5, 24.25, 25.0, 25.0, 25.0, 24.5, 24.5, 25.0, 25.0, 24.75, 24.75, 25.0, 25.25, 25.25, 25.5, 25.0, 25.0, 25.0, 25.0, 25.0, 25.0, 25.25, 25.25, 25.0, 25.0, 25.0, 24.5, 25.25, 25.25, 26.25, 26.0, 25.5, 25.75, 25.0, 25.25, 26.0, 26.5, 26.0, 25.75, 26.5, 26.25, 25.75, 26.5]"
1519925863.843743 "[24.25, 25.0, 26.25, 25.75, 25.0, 24.25, 24.75, 25.0, 24.5, 25.0, 24.75, 25.5, 24.0, 24.25, 24.75, 25.0, 24.75, 25.25, 25.0, 24.75, 24.25, 24.5, 24.25, 25.0, 25.0, 25.0, 24.5, 24.5, 25.0, 25.0, 24.75, 24.75, 25.0, 25.25, 25.25, 25.5, 25.0, 25.0, 25.0, 25.0, 25.0, 25.0, 25.25, 25.25, 25.0, 24.75, 25.0, 25.0, 25.25, 25.0, 25.75, 25.75, 25.25, 25.25, 25.0, 26.0, 25.5, 26.25, 26.25, 25.75, 25.75, 26.25, 25.75, 26.25]"
1519925863.910843 "[24.5, 24.75, 25.5, 26.0, 24.5, 24.0, 24.75, 25.5, 24.25, 24.5, 25.0, 24.75, 24.0, 24.25, 24.5, 24.25, 25.0, 25.0, 24.75, 24.5, 24.5, 24.25, 24.5, 24.75, 25.0, 25.0, 24.5, 25.25, 24.5, 25.25, 24.75, 25.0, 25.5, 25.0, 25.25, 25.5, 24.5, 25.0, 24.5, 24.75, 25.0, 25.0, 25.5, 25.75, 24.5, 24.75, 25.0, 25.0, 25.25, 25.0, 25.75, 25.75, 25.25, 25.25, 25.0, 26.0, 25.5, 26.25, 26.25, 25.75, 25.75, 26.25, 25.75, 26.25]"
1519925863.978814 "[24.5, 24.75, 25.5, 26.0, 24.5, 24.0, 24.75, 25.5, 24.25, 24.5, 25.0, 24.75, 24.0, 24.25, 24.25, 25.0, 25.5, 24.75, 24.5, 25.0, 24.5, 24.5, 24.5, 24.75, 25.25, 24.75, 24.75, 24.75, 25.0, 25.25, 24.75, 25.25, 25.0, 25.25, 25.25, 25.25, 25.25, 25.0, 24.75, 25.5, 25.25, 25.25, 25.75, 25.25, 24.75, 24.75, 25.25, 25.0, 26.0, 25.75, 26.0, 25.75, 25.25, 25.5, 25.5, 25.5, 26.0, 26.0, 26.0, 26.0, 26.5, 26.5, 25.5, 25.75]"
1519925864.047983 "[25.0, 25.25, 25.5, 26.0, 25.0, 24.5, 24.5, 25.25, 24.5, 24.75, 25.0, 25.5, 24.25, 25.0, 24.25, 25.0, 25.5, 24.75, 24.5, 25.0, 24.5, 24.5, 24.5, 24.75, 25.25, 24.75, 24.75, 24.75, 25.0, 25.25, 24.75, 25.25, 25.0, 25.25, 25.25, 25.25, 25.25, 25.0, 24.75, 25.5, 25.25, 25.25, 25.75, 25.25, 24.75, 24.75, 25.25, 25.0, 25.75, 25.5, 26.0, 25.5, 25.25, 25.25, 25.25, 25.5, 25.5, 26.5, 25.5, 26.0, 26.0, 26.0, 26.0, 25.5]"
1519925864.116826 "[24.5, 24.25, 25.0, 25.75, 24.75, 24.25, 24.75, 26.0, 25.0, 24.75, 24.5, 25.75, 24.75, 25.0, 24.75, 24.25, 25.0, 24.75, 25.0, 25.0, 25.0, 24.5, 24.5, 25.25, 25.25, 24.5, 25.25, 24.75, 25.25, 25.0, 25.25, 24.75, 25.5, 25.5, 25.0, 25.5, 24.75, 24.75, 24.5, 25.25, 25.75, 25.25, 25.25, 25.25, 25.25, 25.25, 25.0, 25.0, 25.75, 25.5, 26.0, 25.5, 25.25, 25.25, 25.25, 25.5, 25.5, 26.5, 25.5, 26.0, 26.0, 26.0, 26.0, 25.5]"
1519925864.184378 "[24.5, 24.25, 25.0, 25.75, 24.75, 24.25, 24.75, 26.0, 25.0, 24.75, 24.5, 25.75, 24.75, 25.0, 24.75, 25.25, 25.0, 24.75, 25.0, 25.0, 25.0, 24.5, 24.25, 25.5, 25.25, 25.0, 25.0, 25.25, 25.0, 25.0, 24.5, 24.5, 25.5, 25.0, 25.0, 25.25, 24.75, 25.0, 24.75, 25.25, 24.75, 25.25, 25.25, 25.0, 25.0, 24.75, 25.0, 24.75, 25.0, 25.5, 26.0, 25.75, 25.0, 25.25, 25.0, 25.25, 25.5, 26.0, 26.25, 25.5, 26.75, 26.0, 25.75, 27.0]"
1519925864.253941 "[24.25, 24.5, 25.0, 25.5, 24.5, 24.0, 24.5, 26.0, 24.75, 24.25, 25.0, 25.5, 24.0, 25.0, 24.75, 25.25, 25.0, 24.75, 25.0, 25.0, 25.0, 24.5, 24.25, 25.5, 25.25, 25.0, 25.0, 25.25, 25.0, 25.0, 24.5, 24.5, 25.5, 25.0, 25.0, 25.25, 24.75, 25.0, 24.75, 25.25, 24.75, 25.25, 25.25, 25.0, 25.0, 24.75, 25.0, 24.75, 25.5, 25.25, 26.0, 25.5, 25.5, 25.25, 25.0, 25.25, 25.75, 26.5, 26.25, 25.75, 26.25, 25.75, 26.5, 26.5]"
1519925864.320514 "[24.5, 24.75, 25.0, 25.5, 24.25, 24.5, 24.75, 25.5, 24.5, 24.75, 24.75, 24.75, 24.5, 24.75, 24.75, 25.0, 25.25, 25.25, 24.75, 25.0, 25.0, 24.75, 24.25, 25.25, 25.25, 25.0, 25.0, 25.25, 25.25, 25.25, 24.75, 24.25, 25.5, 25.25, 24.75, 24.75, 25.0, 24.75, 24.75, 25.5, 25.25, 25.0, 25.0, 25.25, 25.25, 24.75, 25.25, 24.75, 25.5, 25.25, 26.0, 25.5, 25.5, 25.25, 25.0, 25.25, 25.75, 26.5, 26.25, 25.75, 26.25, 25.75, 26.5, 26.5]"
1519925864.391749 "[24.5, 24.75, 25.0, 25.5, 24.25, 24.5, 24.75, 25.5, 24.5, 24.75, 24.75, 24.75, 24.5, 24.75, 24.75, 25.0, 25.0, 24.75, 24.5, 25.25, 24.75, 24.5, 24.5, 24.75, 24.5, 25.25, 25.0, 24.5, 24.5, 25.0, 24.75, 24.75, 25.0, 25.25, 25.25, 25.25, 24.25, 24.5, 24.5, 25.25, 25.5, 25.25, 25.25, 25.5, 25.0, 24.5, 24.75, 25.0, 25.75, 25.5, 25.5, 26.0, 25.0, 25.5, 25.0, 25.5, 26.0, 25.25, 25.75, 26.0, 25.75, 26.0, 25.75, 26.5]"
1519925864.458147 "[24.75, 24.0, 24.75, 25.0, 24.5, 24.5, 24.5, 25.25, 25.0, 24.5, 24.5, 24.5, 24.25, 24.5, 24.75, 25.0, 25.0, 24.75, 24.5, 25.25, 24.75, 24.5, 24.5, 24.75, 24.5, 25.25, 25.0, 24.5, 24.5, 25.0, 24.75, 24.75, 25.0, 25.25, 25.25, 25.25, 24.25, 24.5, 24.5, 25.25, 25.5, 25.25, 25.25, 25.5, 25.0, 24.5, 24.75, 25.0, 25.75, 25.5, 25.75, 25.75, 25.0, 26.0, 25.0, 25.0, 25.5, 26.25, 25.75, 25.75, 26.0, 26.0, 26.25, 26.25]"
1519925864.532931 "[24.5, 24.75, 25.25, 25.5, 24.75, 24.5, 24.25, 26.0, 24.75, 24.75, 24.75, 25.25, 24.5, 24.5, 25.0, 25.0, 24.75, 25.0, 25.0, 25.0, 24.75, 24.75, 24.25, 25.0, 24.75, 24.75, 24.5, 24.5, 24.75, 25.0, 25.0, 24.5, 25.5, 25.0, 25.25, 25.25, 24.75, 25.25, 25.25, 25.25, 25.25, 24.75, 25.0, 25.5, 25.0, 24.75, 25.25, 25.0, 25.75, 25.5, 25.75, 25.75, 25.0, 26.0, 25.0, 25.0, 25.5, 26.25, 25.75, 25.75, 26.0, 26.0, 26.25, 26.25]"
1519925864.60353 "[24.5, 24.75, 25.25, 25.5, 24.75, 24.5, 24.25, 26.0, 24.75, 24.75, 24.75, 25.0, 24.5, 25.0, 24.75, 24.75, 25.0, 25.25, 25.25, 25.25, 24.5, 24.25, 25.0, 25.0, 24.75, 25.0, 24.5, 24.5, 25.0, 25.5, 25.0, 25.5, 25.0, 25.0, 25.0, 24.75, 24.75, 24.75, 24.75, 25.25, 25.5, 25.75, 25.25, 25.25, 24.75, 25.25, 25.25, 25.25, 25.5, 25.5, 25.75, 26.0, 25.75, 25.5, 25.0, 26.0, 25.5, 26.25, 25.75, 25.75, 26.25, 26.0, 26.0, 26.5]"
1519925864.674841 "[24.5, 24.75, 25.0, 25.5, 24.75, 24.5, 25.25, 26.25, 24.75, 24.25, 24.75, 25.0, 24.5, 25.0, 24.75, 24.75, 25.0, 25.25, 25.25, 25.25, 24.5, 24.25, 25.0, 25.0, 24.75, 25.0, 24.5, 24.5, 25.0, 25.5, 25.0, 25.5, 25.0, 25.0, 25.0, 24.75, 24.75, 24.75, 24.75, 25.25, 25.5, 25.5, 25.5, 25.5, 25.25, 25.0, 25.0, 24.75, 25.25, 25.5, 26.0, 26.0, 25.25, 25.75, 25.5, 25.75, 26.0, 26.25, 26.25, 26.25, 26.75, 26.25, 26.0, 26.5]"
1519925864.741792 "[24.25, 24.75, 24.75, 25.25, 25.25, 24.5, 24.75, 25.75, 24.75, 24.5, 24.75, 24.75, 24.5, 25.0, 24.75, 25.0, 25.5, 25.0, 25.0, 25.0, 24.75, 25.0, 24.75, 25.0, 25.25, 24.75, 24.75, 24.5, 24.75, 24.75, 25.0, 25.0, 25.5, 25.25, 25.5, 25.0, 25.25, 24.75, 24.75, 25.25, 25.0, 25.5, 25.5, 25.5, 25.25, 25.0, 25.0, 24.75, 25.25, 25.5, 26.0, 26.0, 25.25, 25.75, 25.5, 25.75, 26.0, 26.25, 26.25, 26.25, 26.75, 26.25, 26.0, 26.5]"
1519925864.809455 "[24.25, 24.75, 24.75, 25.25, 25.25, 24.5, 24.75, 25.75, 24.75, 24.5, 24.75, 24.5, 24.5, 25.25, 24.75, 24.5, 25.75, 25.0, 25.75, 25.0, 24.75, 24.75, 24.75, 25.25, 25.25, 24.75, 24.5, 24.75, 25.0, 24.75, 24.75, 25.25, 25.25, 25.5, 25.25, 25.25, 25.25, 24.75, 25.0, 25.5, 25.25, 25.5, 25.25, 25.5, 25.25, 24.75, 25.75, 24.75, 25.5, 25.0, 25.75, 25.75, 25.75, 25.75, 25.0, 25.0, 25.75, 26.5, 26.0, 26.0, 26.5, 26.0, 25.0, 26.5]"
1519925864.879745 "[24.75, 24.75, 24.75, 25.0, 25.25, 24.75, 25.0, 25.75, 24.75, 24.75, 24.75, 24.5, 24.5, 25.25, 24.75, 24.5, 25.75, 25.0, 25.75, 25.0, 24.75, 24.75, 24.75, 25.25, 25.25, 24.75, 24.5, 24.75, 25.0, 24.75, 24.75, 25.25, 25.25, 25.5, 25.25, 25.25, 25.25, 24.75, 25.0, 25.5, 25.25, 25.5, 25.25, 25.25, 24.75, 25.0, 25.25, 25.0, 25.5, 26.0, 25.75, 25.75, 25.0, 25.25, 25.0, 25.75, 25.75, 25.5, 25.75, 26.0, 26.0, 26.25, 26.25, 26.0]"
1519925864.948186 "[24.5, 25.0, 25.25, 25.0, 25.5, 24.5, 25.0, 25.5, 24.5, 24.5, 24.5, 24.5, 24.25, 24.75, 24.75, 24.75, 25.25, 25.25, 24.75, 25.5, 24.75, 24.5, 24.5, 25.25, 25.0, 25.0, 24.25, 25.0, 25.0, 25.25, 25.25, 24.75, 25.75, 25.25, 25.0, 25.25, 25.25, 25.25, 24.75, 25.0, 25.25, 25.0, 25.5, 25.25, 24.75, 25.0, 25.25, 25.0, 25.5, 26.0, 25.75, 25.75, 25.0, 25.25, 25.0, 25.75, 25.75, 25.5, 25.75, 26.0, 26.0, 26.25, 26.25, 26.0]"
1519925865.016211 "[24.5, 25.0, 25.25, 25.0, 25.5, 24.5, 25.0, 25.5, 24.5, 24.5, 24.5, 24.5, 24.25, 24.75, 24.5, 24.75, 25.25, 25.25, 25.25, 24.75, 25.0, 24.5, 24.75, 25.25, 25.0, 24.5, 24.75, 25.0, 25.25, 25.0, 25.25, 24.5, 25.25, 25.5, 25.25, 25.25, 25.0, 24.75, 24.5, 25.5, 25.0, 25.25, 25.5, 25.25, 24.75, 24.5, 25.5, 25.25, 24.75, 26.25, 26.0, 26.0, 25.5, 25.5, 25.5, 25.5, 26.0, 25.75, 26.75, 26.0, 26.25, 26.0, 26.25, 25.75]"
1519925865.083246 "[24.5, 24.5, 24.75, 25.0, 25.0, 24.75, 25.0, 25.75, 24.5, 24.75, 24.75, 24.5, 24.25, 24.75, 24.5, 24.75, 25.25, 25.25, 25.25, 24.75, 25.0, 24.5, 24.75, 25.25, 25.0, 24.5, 24.75, 25.0, 25.25, 25.0, 25.25, 24.5, 25.25, 25.5, 25.25, 25.25, 25.0, 24.75, 24.5, 25.5, 25.0, 25.25, 25.5, 25.25, 24.75, 24.5, 25.0, 25.5, 25.75, 26.0, 26.0, 26.0, 25.75, 25.25, 25.5, 25.25, 26.0, 26.25, 26.5, 25.75, 26.5, 25.75, 25.75, 26.5]"
1519925865.14981 "[24.75, 24.75, 25.0, 25.25, 25.0, 25.0, 25.25, 26.0, 24.5, 24.75, 25.0, 25.25, 24.5, 24.75, 24.75, 24.75, 25.0, 25.25, 25.25, 25.25, 24.25, 24.75, 24.25, 25.25, 25.0, 25.25, 25.0, 25.0, 24.75, 25.0, 24.5, 24.5, 25.25, 25.5, 25.25, 25.25, 25.0, 25.25, 24.75, 25.25, 25.5, 25.5, 25.25, 25.5, 25.0, 24.75, 25.0, 25.5, 25.75, 26.0, 26.0, 26.0, 25.75, 25.25, 25.5, 25.25, 26.0, 26.25, 26.5, 25.75, 26.5, 25.75, 25.75, 26.5]"
1519925865.219828 "[24.75, 24.75, 25.0, 25.25, 25.0, 25.0, 25.25, 26.0, 24.5, 24.75, 25.0, 25.25, 24.5, 24.75, 24.75, 24.75, 25.0, 24.75, 25.0, 25.25, 25.0, 24.75, 24.75, 24.75, 25.25, 25.25, 24.75, 24.5, 24.75, 25.0, 25.25, 24.25, 25.75, 25.25, 25.0, 24.75, 25.25, 24.75, 24.5, 25.25, 25.75, 25.25, 25.75, 25.0, 24.75, 25.25, 25.25, 24.75, 25.0, 25.25, 26.0, 25.5, 25.25, 25.25, 25.5, 26.0, 26.0, 26.0, 26.0, 25.5, 26.25, 25.75, 26.5, 26.25]"
1519925865.285732 "[25.25, 24.25, 25.25, 25.25, 25.0, 24.5, 25.0, 25.75, 24.5, 25.0, 25.0, 24.5, 24.5, 24.5, 25.0, 24.75, 25.0, 24.75, 25.0, 25.25, 25.0, 24.75, 24.75, 24.75, 25.25, 25.25, 24.75, 24.5, 24.75, 25.0, 25.25, 24.25, 25.75, 25.25, 25.0, 24.75, 25.25, 24.75, 24.5, 25.25, 25.75, 25.25, 25.75, 25.0, 24.75, 25.25, 25.25, 24.75, 25.0, 25.5, 25.75, 25.0, 25.25, 25.5, 25.25, 25.25, 25.5, 25.75, 25.75, 26.0, 26.25, 25.75, 26.0, 26.0]"
1519925865.364267 "[24.5, 24.75, 24.75, 25.25, 25.0, 25.0, 25.25, 26.0, 24.5, 24.75, 24.75, 25.25, 24.5, 24.75, 25.0, 24.75, 25.25, 25.25, 25.25, 24.75, 24.75, 24.75, 24.75, 24.75, 25.0, 25.0, 25.25, 24.75, 25.0, 25.0, 25.0, 25.0, 25.25, 25.25, 25.5, 25.25, 25.0, 25.0, 25.0, 25.5, 25.0, 25.25, 25.75, 25.5, 25.0, 24.75, 25.5, 25.25, 25.0, 25.5, 25.75, 25.0, 25.25, 25.5, 25.25, 25.25, 25.5, 25.75, 25.75, 26.0, 26.25, 25.75, 26.0, 26.0]"
1519925865.427786 "[24.5, 24.75, 24.75, 25.25, 25.0, 25.0, 25.25, 26.0, 24.5, 24.5, 24.5, 24.5, 24.5, 25.0, 24.75, 24.75, 24.75, 25.0, 24.75, 24.75, 24.5, 24.75, 24.5, 24.5, 25.75, 24.75, 24.75, 24.75, 25.0, 25.0, 25.0, 25.25, 25.5, 25.25, 25.25, 24.75, 24.75, 25.0, 24.25, 25.25, 25.25, 25.25, 25.25, 25.5, 25.0, 25.5, 25.25, 25.75, 25.5, 25.25, 25.75, 25.75, 25.5, 25.5, 25.0, 25.5, 25.5, 26.25, 26.25, 26.25, 26.0, 25.75, 26.0, 26.25]"
1519925865.472254 "[24.75, 25.0, 25.25, 25.0, 25.0, 24.25, 25.0, 26.25, 24.25, 24.5, 24.5, 24.5, 24.5, 25.0, 24.75, 24.75, 24.75, 25.0, 24.75, 24.75, 24.5, 24.75, 24.5, 24.5, 25.75, 24.75, 24.75, 24.75, 25.0, 25.0, 25.0, 25.25, 25.5, 25.25, 25.25, 24.75, 24.75, 25.0, 24.25, 25.25, 25.25, 25.25, 25.25, 25.5, 25.0, 25.5, 25.25, 25.75, 25.5, 25.25, 25.75, 25.75, 25.5, 25.5, 25.0, 25.5, 25.5, 26.25, 26.25, 26.25, 26.0, 25.75, 26.0, 26.25]"
1519925865.513814 "[24.75, 25.0, 25.25, 25.0, 25.0, 24.25, 25.0, 26.25, 24.75, 24.25, 24.75, 25.0, 24.5, 25.25, 24.75, 24.5, 25.5, 25.25, 24.75, 25.0, 25.0, 24.75, 24.5, 25.25, 25.25, 24.75, 25.0, 25.0, 25.0, 25.5, 25.0, 24.75, 25.25, 25.25, 25.0, 25.25, 24.5, 24.75, 24.5, 25.25, 25.75, 24.75, 25.5, 25.25, 25.0, 25.25, 25.25, 25.5, 25.75, 25.75, 25.75, 26.0, 25.5, 25.75, 24.75, 26.0, 26.25, 25.75, 25.75, 25.25, 26.25, 26.0, 26.5, 26.25]"
1519925865.55521 "[25.25, 24.75, 24.75, 25.0, 25.0, 24.5, 25.0, 25.5, 24.75, 24.25, 24.75, 25.0, 24.5, 25.25, 24.75, 24.5, 25.5, 25.25, 24.75, 25.0, 25.0, 24.75, 24.5, 25.25, 25.25, 24.75, 25.0, 25.0, 25.0, 25.5, 25.0, 24.75, 25.25, 25.25, 25.0, 25.25, 24.5, 24.75, 24.5, 25.25, 25.75, 24.75, 25.5, 25.25, 25.0, 25.25, 25.25, 25.5, 25.75, 25.75, 25.75, 26.0, 25.5, 25.75, 24.75, 26.0, 26.25, 25.75, 25.75, 25.25, 26.25, 26.0, 26.5, 26.25]"
1519925865.595537 "[25.25, 24.75, 24.75, 25.0, 25.0, 24.5, 25.0, 25.5, 24.75, 24.25, 24.75, 25.0, 24.5, 25.25, 24.75, 24.5, 25.5, 25.25, 24.75, 25.0, 25.0, 24.75, 24.5, 25.25, 25.25, 24.75, 25.0, 25.0, 25.0, 25.5, 25.0, 24.75, 25.25, 25.25, 25.0, 25.25, 24.5, 24.75, 24.5, 25.25, 25.75, 25.25, 25.5, 25.5, 25.25, 25.0, 25.5, 25.5, 25.0, 25.25, 25.75, 25.75, 25.75, 25.25, 25.25, 25.5, 26.0, 26.75, 26.25, 25.75, 26.25, 26.0, 25.5, 26.0]"
1519925865.637988 "[24.5, 24.5, 25.0, 24.5, 25.0, 24.5, 25.25, 25.5, 24.5, 24.75, 25.0, 25.0, 24.25, 24.75, 24.75, 25.25, 25.25, 24.5, 25.0, 25.0, 25.0, 25.0, 24.25, 25.25, 24.75, 25.0, 25.0, 25.25, 25.25, 25.25, 25.25, 24.75, 25.5, 26.0, 25.5, 25.25, 25.0, 25.0, 25.0, 25.25, 25.0, 25.25, 25.5, 25.5, 25.25, 25.0, 25.5, 25.5, 25.0, 25.25, 25.75, 25.75, 25.75, 25.25, 25.25, 25.5, 26.0, 26.75, 26.25, 25.75, 26.25, 26.0, 25.5, 26.0]"
1519925865.679523 "[24.5, 24.5, 25.0, 24.5, 25.0, 24.5, 25.25, 25.5, 24.5, 24.75, 25.0, 25.0, 24.25, 24.75, 24.75, 25.25, 25.25, 24.5, 25.0, 25.0, 25.0, 25.0, 24.25, 25.25, 24.75, 25.0, 25.0, 25.25, 25.25, 25.25, 25.25, 24.75, 25.5, 26.0, 25.5, 25.25, 25.0, 25.0, 25.0, 25.25, 25.0, 25.25, 25.5, 25.5, 25.25, 25.0, 25.5, 25.5, 25.0, 25.25, 25.75, 25.75, 25.75, 25.25, 25.25, 25.5, 26.0, 26.75, 26.25, 25.75, 26.25, 26.0, 25.5, 26.0]"
1519925865.720494 "[24.5, 24.5, 25.0, 24.5, 25.0, 24.5, 25.25, 26.0, 24.25, 24.5, 25.25, 24.75, 24.25, 25.25, 24.75, 25.0, 25.25, 25.5, 25.25, 25.0, 24.5, 24.5, 24.75, 24.75, 25.25, 24.5, 25.0, 24.75, 25.5, 25.5, 25.0, 24.5, 25.75, 25.25, 25.75, 25.25, 25.0, 25.0, 24.75, 25.25, 25.5, 25.25, 25.75, 25.5, 26.0, 24.75, 25.25, 25.5, 25.75, 25.75, 25.75, 26.0, 25.75, 25.75, 25.25, 25.25, 26.5, 26.25, 26.5, 26.25, 26.25, 25.75, 25.5, 26.0]"
1519925865.762005 "[24.75, 24.5, 25.5, 25.0, 25.5, 24.0, 25.25, 26.0, 24.25, 24.5, 25.25, 24.75, 24.25, 25.25, 24.75, 25.0, 25.25, 25.5, 25.25, 25.0, 24.5, 24.5, 24.75, 24.75, 25.25, 24.5, 25.0, 24.75, 25.5, 25.5, 25.0, 24.5, 25.75, 25.25, 25.75, 25.25, 25.0, 25.0, 24.75, 25.25, 25.5, 25.25, 25.75, 25.5, 26.0, 24.75, 25.25, 25.5, 25.75, 25.75, 25.75, 26.0, 25.75, 25.75, 25.25, 25.25, 26.5, 26.25, 26.5, 26.25, 26.25, 25.75, 25.5, 26.0]"
1519925865.804551 "[24.75, 24.5, 25.5, 25.0, 25.5, 24.0, 25.25, 26.0, 24.25, 24.5, 25.25, 24.75, 24.25, 25.25, 24.75, 25.0, 25.25, 25.5, 25.25, 25.0, 24.5, 24.5, 24.75, 24.75, 25.25, 24.5, 25.0, 24.75, 25.5, 25.5, 25.0, 24.5, 25.75, 25.25, 25.75, 25.25, 25.0, 25.25, 24.75, 25.75, 25.5, 25.5, 25.5, 25.75, 25.0, 25.0, 25.25, 24.5, 25.5, 25.25, 26.25, 25.5, 25.5, 25.5, 24.5, 25.75, 26.5, 26.25, 26.0, 26.25, 26.5, 26.0, 26.75, 26.0]"
1519925865.846509 "[25.0, 24.25, 24.75, 25.0, 24.75, 24.5, 25.0, 25.75, 25.0, 24.75, 24.75, 25.0, 24.75, 25.0, 25.0, 24.25, 25.0, 25.0, 24.5, 25.0, 24.75, 24.75, 24.75, 25.0, 25.5, 25.0, 25.0, 25.0, 25.0, 25.25, 25.0, 24.75, 25.25, 25.5, 25.5, 25.5, 25.0, 25.25, 24.75, 25.75, 25.5, 25.5, 25.5, 25.75, 25.0, 25.0, 25.25, 24.5, 25.5, 25.25, 26.25, 25.5, 25.5, 25.5, 24.5, 25.75, 26.5, 26.25, 26.0, 26.25, 26.5, 26.0, 26.75, 26.0]"
1519925865.889422 "[25.0, 24.25, 24.75, 25.0, 24.75, 24.5, 25.0, 25.75, 25.0, 24.75, 24.75, 25.0, 24.75, 25.0, 25.0, 24.25, 25.0, 25.0, 24.5, 25.0, 24.75, 24.75, 24.75, 25.0, 25.5, 25.0, 25.0, 25.0, 25.0, 25.25, 25.0, 24.75, 25.25, 25.5, 25.5, 25.5, 25.0, 25.25, 24.75, 25.75, 25.5, 25.5, 25.5, 25.75, 25.0, 25.0, 25.25, 24.5, 25.5, 25.25, 26.25, 25.5, 25.5, 25.5, 24.5, 25.75, 26.5, 26.25, 26.0, 26.25, 26.5, 26.0, 26.75, 26.0]"
1519925865.930082 "[25.0, 24.25, 24.75, 25.0, 24.5, 24.75, 25.0, 25.5, 24.5, 24.75, 25.0, 24.75, 24.25, 25.0, 25.25, 24.75, 25.75, 25.0, 25.0, 24.75, 25.0, 24.75, 24.75, 25.5, 25.0, 24.75, 25.25, 25.0, 25.0, 25.0, 25.0, 25.25, 25.25, 25.5, 25.5, 25.25, 25.0, 24.75, 24.75, 25.5, 25.0, 25.25, 25.5, 25.5, 25.25, 25.25, 25.25, 25.0, 24.25, 25.0, 26.0, 25.75, 25.25, 25.5, 25.75, 25.25, 25.75, 26.25, 26.0, 26.25, 26.5, 26.0, 25.75, 25.5]"
1519925865.970955 "[24.5, 24.75, 24.75, 25.0, 24.5, 24.75, 25.0, 25.5, 24.5, 24.75, 25.0, 24.75, 24.25, 25.0, 25.25, 24.75, 25.75, 25.0, 25.0, 24.75, 25.0, 24.75, 24.75, 25.5, 25.0, 24.75, 25.25, 25.0, 25.0, 25.0, 25.0, 25.25, 25.25, 25.5, 25.5, 25.25, 25.0, 24.75, 24.75, 25.5, 25.0, 25.25, 25.5, 25.5, 25.25, 25.25, 25.25, 25.0, 24.25, 25.0, 26.0, 25.75, 25.25, 25.5, 25.75, 25.25, 25.75, 26.25, 26.0, 26.25, 26.5, 26.0, 25.75, 25.5]"
1519925866.015679 "[24.5, 24.75, 24.75, 25.0, 24.5, 24.75, 25.0, 25.5, 24.5, 24.75, 25.0, 24.75, 24.25, 25.0, 25.25, 24.75, 25.75, 25.0, 25.0, 24.75, 25.0, 24.75, 24.75, 25.5, 25.0, 24.75, 25.25, 25.0, 25.0, 25.0, 25.0, 25.25, 25.25, 25.75, 25.5, 25.25, 25.25, 25.0, 24.75, 25.25, 25.25, 25.0, 25.5, 25.25, 25.5, 25.25, 25.75, 25.25, 26.0, 25.75, 26.0, 26.0, 26.0, 25.5, 25.25, 25.75, 26.25, 26.25, 25.75, 25.75, 26.75, 26.5, 25.25, 26.75]"
1519925866.061104 "[24.5, 24.75, 24.75, 25.0, 24.5, 24.5, 25.0, 25.75, 24.75, 24.5, 24.75, 25.25, 24.75, 25.0, 25.25, 25.25, 25.5, 24.75, 25.25, 25.0, 25.0, 25.0, 24.5, 25.0, 25.5, 25.0, 24.75, 25.25, 25.0, 25.75, 25.0, 25.25, 25.25, 25.75, 25.5, 25.25, 25.25, 25.0, 24.75, 25.25, 25.25, 25.0, 25.5, 25.25, 25.5, 25.25, 25.75, 25.25, 26.0, 25.75, 26.0, 26.0, 26.0, 25.5, 25.25, 25.75, 26.25, 26.25, 25.75, 25.75, 26.75, 26.5, 25.25, 26.75]"
1519925866.102709 "[24.5, 24.75, 24.75, 25.0, 24.5, 24.5, 25.0, 25.75, 24.75, 24.5, 24.75, 25.25, 24.75, 25.0, 25.25, 25.25, 25.5, 24.75, 25.25, 25.0, 25.0, 25.0, 24.5, 25.0, 25.5, 25.0, 24.75, 25.25, 25.0, 25.75, 25.0, 25.25, 25.25, 25.75, 25.5, 25.25, 25.25, 25.0, 24.75, 25.25, 25.25, 25.0, 25.5, 25.25, 25.5, 25.25, 25.75, 25.25, 26.0, 25.75, 26.0, 26.0, 26.0, 25.5, 25.25, 25.75, 26.0, 26.25, 25.25, 26.0, 26.5, 26.0, 26.25, 26.0]"
1519925866.156576 "[25.0, 24.75, 25.0, 25.25, 24.75, 24.5, 25.25, 25.5, 25.0, 25.0, 25.5, 25.25, 24.75, 25.0, 24.25, 25.0, 25.25, 25.0, 25.25, 25.0, 25.0, 25.0, 24.75, 25.0, 25.0, 24.75, 25.0, 25.0, 25.0, 25.5, 24.75, 25.25, 25.75, 25.25, 25.25, 25.5, 25.0, 25.25, 25.0, 25.25, 25.25, 25.75, 25.5, 25.25, 25.0, 25.25, 25.5, 25.0, 25.75, 25.5, 26.0, 25.75, 25.5, 25.25, 25.25, 25.5, 26.0, 26.25, 25.25, 26.0, 26.5, 26.0, 26.25, 26.0]"
1519925866.224607 "[25.0, 24.75, 25.0, 25.25, 24.75, 24.5, 25.25, 25.5, 25.0, 25.0, 25.5, 25.25, 24.75, 25.0, 24.25, 25.0, 25.25, 25.0, 25.25, 25.0, 25.0, 25.0, 24.75, 25.0, 25.0, 24.75, 25.0, 25.0, 25.0, 25.5, 24.75, 25.25, 25.75, 25.25, 25.25, 25.5, 25.0, 25.25, 25.0, 25.25, 25.25, 25.5, 25.75, 25.0, 25.25, 24.75, 25.25, 25.0, 25.25, 26.0, 26.25, 26.0, 25.75, 25.5, 25.0, 25.25, 25.75, 26.25, 26.0, 25.75, 26.0, 26.25, 25.75, 26.5]"
1519925866.267907 "[25.0, 24.75, 25.5, 24.75, 24.75, 24.5, 24.75, 25.5, 24.75, 24.75, 24.75, 24.5, 24.5, 25.25, 25.0, 25.0, 25.25, 24.75, 25.0, 25.25, 24.5, 24.75, 24.75, 25.0, 25.25, 25.0, 25.25, 24.75, 25.5, 25.0, 25.0, 25.0, 26.0, 25.5, 25.25, 25.0, 25.0, 25.25, 24.5, 24.75, 25.5, 25.5, 25.75, 25.0, 25.25, 24.75, 25.25, 25.0, 25.25, 26.0, 26.25, 26.0, 25.75, 25.5, 25.0, 25.25, 25.75, 26.25, 26.0, 25.75, 26.0, 26.25, 25.75, 26.5]"
1519925866.315347 "[25.0, 24.75, 25.5, 24.75, 24.75, 24.5, 24.75, 25.5, 24.75, 24.75, 24.75, 24.5, 24.5, 25.25, 25.0, 25.0, 25.25, 24.75, 25.0, 25.25, 24.5, 24.75, 24.75, 25.0, 25.25, 25.0, 25.25, 24.75, 25.5, 25.0, 25.0, 25.0, 26.0, 25.5, 25.25, 25.0, 25.0, 25.25, 24.5, 24.75, 25.5, 25.5, 25.75, 25.0, 25.25, 24.75, 25.5, 25.25, 25.5, 25.75, 25.75, 26.0, 25.5, 25.5, 25.5, 25.25, 26.0, 26.5, 26.0, 25.5, 26.0, 26.5, 26.0, 26.25]"
1519925866.357582 "[24.75, 24.25, 25.0, 25.25, 24.5, 25.0, 25.0, 25.5, 25.0, 25.0, 25.0, 24.75, 24.5, 25.0, 24.75, 25.25, 25.25, 25.25, 25.0, 25.0, 25.0, 24.75, 24.75, 24.75, 25.0, 25.0, 25.0, 25.0, 25.0, 25.5, 24.75, 24.75, 25.5, 25.5, 25.0, 25.5, 25.0, 24.75, 25.0, 25.5, 25.0, 25.75, 25.5, 25.0, 25.25, 25.0, 25.5, 25.25, 25.5, 25.75, 25.75, 26.0, 25.5, 25.5, 25.5, 25.25, 26.0, 26.5, 26.0, 25.5, 26.0, 26.5, 26.0, 26.25]"
1519925866.40413 "[24.75, 24.25, 25.0, 25.25, 24.5, 25.0, 25.0, 25.5, 25.0, 25.0, 25.0, 24.75, 24.5, 25.0, 24.75, 25.25, 25.25, 25.25, 25.0, 25.0, 25.0, 24.75, 24.75, 24.75, 25.0, 25.0, 25.0, 25.0, 25.0, 25.5, 24.75, 24.75, 25.5, 25.5, 25.0, 25.5, 25.0, 24.75, 25.0, 25.5, 25.0, 25.75, 25.5, 25.0, 25.25, 25.0, 25.5, 25.25, 25.5, 25.75, 25.75, 26.0, 25.5, 25.5, 25.5, 25.25, 26.0, 26.5, 26.0, 25.5, 26.0, 26.5, 26.0, 26.25]"
1519925866.445695 "[24.75, 24.25, 25.0, 25.25, 25.0, 24.25, 25.0, 25.75, 24.5, 24.75, 24.5, 25.25, 24.75, 25.25, 24.75, 24.25, 25.0, 24.75, 25.0, 24.5, 24.75, 25.0, 24.5, 25.25, 25.0, 24.5, 25.25, 25.0, 25.25, 25.25, 24.75, 25.25, 25.5, 25.25, 25.25, 25.5, 25.0, 25.0, 24.5, 25.5, 25.25, 25.0, 25.5, 25.25, 25.0, 24.75, 25.25, 25.0, 25.75, 26.0, 25.75, 25.75, 25.5, 25.25, 25.5, 25.75, 26.25, 26.0, 26.0, 25.75, 26.25, 26.25, 26.5, 26.25]"
1519925866.487328 "[24.25, 24.5, 25.25, 25.75, 25.0, 24.25, 25.0, 25.75, 24.5, 24.75, 24.5, 25.25, 24.75, 25.25, 24.75, 24.25, 25.0, 24.75, 25.0, 24.5, 24.75, 25.0, 24.5, 25.25, 25.0, 24.5, 25.25, 25.0, 25.25, 25.25, 24.75, 25.25, 25.5, 25.25, 25.25, 25.5, 25.0, 25.0, 24.5, 25.5, 25.25, 25.0, 25.5, 25.25, 25.0, 24.75, 25.25, 25.0, 25.75, 26.0, 25.75, 25.75, 25.5, 25.25, 25.5, 25.75, 26.25, 26.0, 26.0, 25.75, 26.25, 26.25, 26.5, 26.25]"
1519925866.528798 "[24.25, 24.5, 25.25, 25.75, 25.0, 24.25, 25.0, 25.75, 24.5, 24.75, 24.5, 25.25, 24.75, 25.25, 24.75, 24.25, 25.0, 24.75, 25.0, 24.5, 24.75, 25.0, 24.5, 25.25, 25.0, 24.5, 25.25, 25.0, 25.25, 25.25, 24.75, 25.25, 25.5, 25.25, 25.25, 25.5, 25.0, 25.5, 25.0, 25.25, 25.5, 26.0, 25.75, 25.5, 25.0, 25.0, 25.75, 25.25, 25.5, 25.5, 25.75, 26.0, 25.75, 25.25, 25.75, 26.0, 26.5, 26.75, 26.25, 25.75, 26.25, 26.5, 26.25, 26.25]"
1519925866.569939 "[25.0, 24.5, 25.5, 25.25, 25.0, 24.75, 25.25, 25.5, 25.0, 24.75, 25.25, 25.0, 24.5, 25.25, 25.0, 24.5, 25.5, 25.5, 24.75, 25.5, 25.0, 25.0, 24.75, 25.25, 24.75, 25.5, 25.0, 25.0, 25.25, 25.25, 25.25, 25.25, 25.5, 25.5, 25.25, 25.25, 25.0, 25.5, 25.0, 25.25, 25.5, 26.0, 25.75, 25.5, 25.0, 25.0, 25.75, 25.25, 25.5, 25.5, 25.75, 26.0, 25.75, 25.25, 25.75, 26.0, 26.5, 26.75, 26.25, 25.75, 26.25, 26.5, 26.25, 26.25]"
1519925866.611157 "[25.0, 24.5, 25.5, 25.25, 25.0, 24.75, 25.25, 25.5, 25.0, 24.75, 25.25, 25.0, 24.5, 25.25, 25.0, 24.5, 25.5, 25.5, 24.75, 25.5, 25.0, 25.0, 24.75, 25.25, 24.75, 25.5, 25.0, 25.0, 25.25, 25.25, 25.25, 25.25, 25.5, 25.5, 25.25, 25.25, 25.0, 25.5, 25.0, 25.25, 25.5, 26.0, 25.75, 25.5, 25.0, 25.0, 25.75, 25.25, 25.5, 25.5, 25.75, 26.0, 25.75, 25.25, 25.75, 26.0, 26.5, 26.75, 26.25, 25.75, 26.25, 26.5, 26.25, 26.25]"
1519925866.653756 "[25.0, 24.5, 25.5, 25.25, 25.0, 24.75, 25.0, 26.0, 24.25, 25.0, 25.25, 25.0, 24.75, 25.0, 24.75, 24.75, 25.75, 24.75, 25.25, 25.0, 25.0, 24.5, 24.25, 25.0, 25.5, 25.25, 24.75, 25.0, 25.25, 25.0, 25.0, 25.25, 25.5, 25.5, 25.75, 25.25, 25.0, 25.25, 24.25, 25.75, 25.25, 25.25, 25.75, 25.5, 25.25, 25.25, 25.5, 25.25, 25.75, 25.5, 26.0, 26.0, 25.75, 25.75, 25.5, 25.75, 26.5, 26.5, 26.0, 26.0, 26.75, 26.25, 26.0, 26.0]"
1519925866.696508 "[24.75, 25.0, 25.0, 25.0, 25.0, 24.75, 25.0, 26.0, 24.25, 25.0, 25.25, 25.0, 24.75, 25.0, 24.75, 24.75, 25.75, 24.75, 25.25, 25.0, 25.0, 24.5, 24.25, 25.0, 25.5, 25.25, 24.75, 25.0, 25.25, 25.0, 25.0, 25.25, 25.5, 25.5, 25.75, 25.25, 25.0, 25.25, 24.25, 25.75, 25.25, 25.25, 25.75, 25.5, 25.25, 25.25, 25.5, 25.25, 25.75, 25.5, 26.0, 26.0, 25.75, 25.75, 25.5, 25.75, 26.5, 26.5, 26.0, 26.0, 26.75, 26.25, 26.0, 26.0]"
1519925866.738579 "[24.75, 25.0, 25.0, 25.0, 25.0, 24.75, 25.0, 26.0, 24.25, 25.0, 25.25, 25.0, 24.75, 25.0, 24.75, 24.75, 25.75, 24.75, 25.25, 25.0, 25.0, 24.5, 24.25, 25.0, 25.5, 25.25, 24.75, 25.0, 25.25, 25.0, 25.0, 24.75, 26.0, 25.5, 25.5, 25.5, 25.5, 25.0, 25.0, 25.25, 25.25, 25.0, 25.75, 25.25, 25.25, 24.75, 25.75, 25.5, 26.0, 25.75, 26.25, 25.75, 26.25, 25.5, 25.25, 25.25, 26.25, 26.75, 25.75, 26.0, 26.25, 26.0, 26.0, 25.75]"
1519925866.779712 "[24.75, 24.5, 25.25, 25.25, 24.75, 24.5, 24.5, 25.75, 24.75, 24.75, 24.75, 25.25, 24.75, 25.25, 24.75, 25.0, 26.0, 25.25, 25.5, 25.5, 25.0, 25.0, 25.0, 25.5, 25.5, 25.25, 25.25, 24.75, 25.25, 25.5, 24.75, 24.75, 26.0, 25.5, 25.5, 25.5, 25.5, 25.0, 25.0, 25.25, 25.25, 25.0, 25.75, 25.25, 25.25, 24.75, 25.75, 25.5, 26.0, 25.75, 26.25, 25.75, 26.25, 25.5, 25.25, 25.25, 26.25, 26.75, 25.75, 26.0, 26.25, 26.0, 26.0, 25.75]"
1519925866.822615 "[24.75, 24.5, 25.25, 25.25, 24.75, 24.5, 24.5, 25.75, 24.75, 24.75, 24.75, 25.25, 24.75, 25.25, 24.75, 25.0, 26.0, 25.25, 25.5, 25.5, 25.0, 25.0, 25.0, 25.5, 25.5, 25.25, 25.25, 24.75, 25.25, 25.5, 24.75, 24.75, 26.0, 25.5, 25.5, 25.5, 25.5, 25.0, 25.0, 25.25, 25.25, 25.0, 25.75, 25.25, 25.25, 24.75, 25.75, 25.5, 26.0, 25.75, 26.25, 25.75, 26.25, 25.5, 25.25, 25.25, 26.25, 26.75, 25.75, 26.0, 26.25, 26.0, 26.25, 26.0]"
1519925866.865485 "[24.75, 24.25, 25.5, 25.25, 24.75, 25.25, 25.25, 26.25, 24.5, 25.0, 25.25, 25.25, 24.75, 25.25, 25.25, 24.75, 25.5, 25.25, 25.5, 25.5, 24.5, 24.5, 24.75, 25.0, 25.25, 25.25, 25.25, 25.25, 25.0, 25.5, 25.25, 25.0, 25.25, 25.25, 25.75, 25.25, 25.25, 25.0, 25.25, 24.75, 25.5, 25.75, 25.75, 25.5, 25.25, 25.0, 25.5, 25.25, 25.5, 25.5, 25.75, 25.75, 26.0, 25.25, 25.25, 25.75, 26.75, 26.0, 26.75, 26.25, 26.25, 26.25, 26.25, 26.0]"
1519925866.908107 "[24.75, 24.25, 25.5, 25.25, 24.75, 25.25, 25.25, 26.25, 24.5, 25.0, 25.25, 25.25, 24.75, 25.25, 25.25, 24.75, 25.5, 25.25, 25.5, 25.5, 24.5, 24.5, 24.75, 25.0, 25.25, 25.25, 25.25, 25.25, 25.0, 25.5, 25.25, 25.0, 25.25, 25.25, 25.75, 25.25, 25.25, 25.0, 25.25, 24.75, 25.5, 25.75, 25.75, 25.5, 25.25, 25.0, 25.5, 25.25, 25.5, 25.5, 25.75, 25.75, 26.0, 25.25, 25.25, 25.75, 26.75, 26.0, 26.75, 26.25, 26.25, 26.25, 26.25, 26.0]"
1519925866.971671 "[24.75, 24.25, 25.5, 25.25, 24.75, 25.25, 25.25, 26.25, 24.5, 25.0, 25.25, 25.25, 24.75, 25.25, 25.25, 24.75, 25.5, 25.25, 25.5, 25.5, 24.5, 25.0, 25.0, 25.25, 25.25, 24.75, 25.0, 24.75, 25.0, 25.5, 25.0, 25.0, 25.5, 25.25, 25.5, 25.25, 25.25, 24.5, 25.0, 25.0, 25.5, 25.5, 25.75, 25.5, 25.25, 25.25, 25.5, 25.75, 25.5, 26.0, 26.5, 25.75, 25.5, 25.5, 25.25, 25.5, 26.25, 26.0, 26.25, 25.75, 26.25, 26.25, 25.75, 26.0]"
1519925867.047298 "[25.0, 24.75, 25.0, 25.25, 24.75, 24.75, 25.0, 26.0, 25.0, 24.75, 25.25, 24.75, 24.5, 25.0, 25.0, 24.75, 25.25, 25.25, 25.5, 25.5, 24.75, 25.0, 25.0, 25.25, 25.25, 24.75, 25.0, 24.75, 25.0, 25.5, 25.0, 25.0, 25.5, 25.25, 25.5, 25.25, 25.25, 24.5, 25.0, 25.0, 25.5, 25.5, 25.75, 25.5, 25.25, 25.25, 25.5, 25.25, 25.75, 26.25, 25.75, 25.75, 25.75, 25.75, 24.75, 25.25, 26.75, 26.75, 26.25, 25.75, 26.25, 26.5, 25.75, 26.5]"
1519925867.124602 "[24.75, 25.0, 24.75, 25.25, 25.0, 24.0, 25.0, 25.75, 25.25, 25.25, 25.0, 25.25, 24.75, 25.0, 25.0, 24.75, 25.5, 25.25, 25.5, 24.75, 25.0, 25.0, 24.5, 25.5, 25.5, 25.0, 25.0, 25.25, 25.5, 25.25, 25.0, 25.0, 25.5, 25.25, 25.75, 25.25, 25.25, 25.25, 25.25, 25.75, 25.5, 25.5, 25.25, 25.5, 25.5, 25.25, 25.25, 25.25, 25.75, 26.25, 25.75, 25.75, 25.75, 25.75, 24.75, 25.25, 26.75, 26.75, 26.25, 25.75, 26.25, 26.5, 25.75, 26.5]"
1519925867.195291 "[24.75, 25.0, 24.75, 25.25, 25.0, 24.5, 24.5, 25.5, 25.25, 25.0, 25.0, 25.0, 24.75, 25.0, 25.0, 24.75, 25.5, 25.25, 25.0, 25.75, 25.0, 24.75, 24.75, 25.5, 25.25, 25.5, 25.5, 25.0, 25.0, 25.25, 25.25, 25.25, 25.75, 25.75, 25.5, 25.25, 25.25, 25.0, 25.0, 25.5, 25.75, 25.5, 25.75, 25.25, 25.0, 25.25, 25.5, 25.5, 25.5, 25.5, 26.25, 26.25, 26.0, 25.75, 25.5, 25.5, 26.0, 26.0, 26.0, 25.5, 26.5, 26.5, 26.25, 26.25]"
1519925867.271416 "[24.0, 24.75, 25.25, 25.75, 24.5, 24.5, 24.5, 25.5, 25.25, 25.0, 25.0, 25.0, 24.75, 25.0, 25.0, 24.75, 25.5, 25.25, 25.0, 25.75, 25.0, 24.75, 24.75, 25.5, 25.25, 25.5, 25.5, 25.0, 25.0, 24.75, 25.25, 25.5, 25.5, 25.5, 25.5, 25.75, 25.5, 25.0, 25.0, 25.75, 25.75, 25.25, 26.0, 25.5, 25.25, 25.5, 25.75, 25.75, 25.25, 26.0, 26.5, 26.5, 25.75, 25.25, 25.25, 25.5, 26.75, 26.5, 26.25, 26.5, 26.25, 26.0, 26.0, 26.75]"
1519925867.338347 "[24.25, 24.5, 25.25, 25.75, 25.0, 24.5, 24.75, 26.25, 24.75, 24.75, 25.25, 25.25, 24.5, 25.25, 25.0, 24.75, 25.25, 25.0, 25.5, 25.0, 25.0, 25.0, 24.5, 25.25, 25.5, 25.25, 25.0, 24.75, 25.0, 24.75, 25.25, 25.5, 25.5, 25.5, 25.5, 25.75, 25.5, 25.0, 25.0, 25.75, 25.75, 25.25, 26.0, 25.5, 25.25, 25.5, 25.75, 25.75, 25.25, 26.0, 26.5, 26.5, 25.75, 25.25, 25.25, 25.5, 26.75, 26.5, 26.25, 26.5, 26.25, 26.0, 26.0, 26.75]"
1519925867.417148 "[25.25, 24.75, 25.25, 25.5, 25.0, 24.75, 25.25, 25.5, 24.75, 25.0, 25.25, 25.25, 24.75, 25.25, 25.0, 24.75, 25.25, 25.0, 25.0, 25.25, 25.25, 25.25, 24.75, 25.25, 25.25, 25.0, 24.75, 25.0, 25.25, 25.25, 25.0, 25.0, 25.5, 25.75, 25.5, 25.75, 25.25, 25.0, 24.75, 26.0, 25.5, 25.75, 25.5, 25.75, 25.0, 24.75, 25.25, 25.25, 25.5, 26.0, 26.25, 25.75, 25.75, 26.0, 25.25, 26.25, 26.75, 26.0, 26.25, 26.25, 26.5, 26.5, 25.75, 26.5]"
1519925867.486329 "[25.25, 24.75, 25.25, 25.5, 25.0, 24.75, 25.25, 25.5, 24.75, 25.0, 25.25, 25.25, 24.75, 25.25, 25.0, 24.75, 25.25, 25.0, 25.0, 25.25, 25.25, 25.25, 24.75, 25.5, 25.25, 24.75, 25.25, 25.25, 25.0, 25.0, 24.75, 25.0, 25.5, 25.5, 25.75, 25.25, 25.25, 25.5, 24.75, 25.5, 25.0, 25.75, 25.5, 25.25, 25.25, 24.75, 25.5, 25.0, 25.5, 25.75, 26.0, 26.5, 25.5, 25.5, 25.25, 26.0, 26.25, 26.75, 26.0, 25.5, 26.5, 26.5, 26.5, 26.5]"
1519925867.548917 "[24.75, 24.75, 25.25, 24.75, 25.25, 24.5, 25.0, 25.5, 24.75, 24.75, 24.75, 24.75, 24.75, 24.75, 24.75, 25.0, 25.75, 25.0, 25.0, 25.0, 24.5, 25.5, 24.75, 25.5, 25.25, 24.75, 25.25, 25.25, 25.0, 25.0, 24.75, 25.0, 25.5, 25.5, 25.75, 25.25, 25.25, 25.5, 24.75, 25.5, 25.0, 25.75, 25.5, 25.25, 25.25, 24.75, 25.5, 25.0, 25.5, 25.75, 26.0, 26.5, 25.5, 25.5, 25.25, 26.0, 26.25, 26.75, 26.25, 25.75, 26.5, 26.0, 26.5, 26.5]"
1519925867.594245 "[25.25, 25.0, 25.25, 25.25, 24.75, 24.75, 25.0, 25.5, 25.25, 25.0, 25.0, 25.0, 24.75, 25.0, 25.0, 24.5, 25.5, 25.25, 25.75, 25.5, 25.0, 24.75, 25.25, 25.75, 25.25, 25.0, 25.0, 25.0, 25.5, 25.0, 25.0, 25.0, 26.0, 25.5, 25.25, 25.75, 24.75, 24.75, 25.0, 25.25, 25.25, 25.5, 25.75, 25.5, 25.25, 25.25, 25.0, 25.5, 25.75, 26.0, 25.75, 26.25, 25.25, 25.5, 25.5, 25.75, 26.0, 26.0, 26.25, 25.75, 26.5, 26.0, 26.5, 26.5]"
1519925867.640318 "[25.25, 25.0, 25.25, 25.25, 24.75, 24.75, 25.0, 25.5, 25.25, 25.0, 25.0, 25.0, 24.75, 25.0, 25.0, 24.5, 25.5, 25.25, 25.75, 25.5, 25.0, 24.75, 25.25, 25.75, 25.25, 25.0, 25.0, 25.0, 25.5, 25.0, 25.0, 25.0, 26.0, 25.5, 25.25, 25.75, 24.75, 24.75, 25.0, 25.25, 25.25, 25.5, 25.75, 25.5, 25.25, 25.25, 25.0, 25.5, 25.75, 26.0, 25.75, 26.25, 25.25, 25.5, 25.5, 25.75, 26.0, 26.0, 26.25, 25.75, 26.5, 26.0, 26.5, 26.5]"
1519925867.681737 "[25.25, 25.0, 25.25, 25.25, 24.75, 24.75, 25.0, 25.5, 25.25, 25.0, 25.0, 25.0, 25.0, 24.75, 25.0, 24.5, 25.75, 25.0, 25.5, 25.25, 25.5, 25.0, 24.75, 25.5, 25.25, 25.0, 25.25, 25.25, 25.25, 25.25, 25.0, 25.0, 26.0, 25.25, 25.75, 25.25, 25.25, 25.5, 24.75, 25.75, 25.25, 25.75, 26.0, 25.5, 25.5, 25.0, 25.5, 25.75, 26.0, 25.75, 25.75, 25.75, 26.0, 25.25, 25.25, 25.75, 25.5, 26.25, 26.0, 26.0, 26.75, 26.0, 26.0, 26.75]"
1519925867.722453 "[24.75, 24.5, 24.75, 25.0, 24.75, 24.75, 24.5, 25.5, 25.0, 24.5, 25.0, 25.25, 25.0, 24.75, 25.0, 24.5, 25.75, 25.0, 25.5, 25.25, 25.5, 25.0, 24.75, 25.5, 25.25, 25.0, 25.25, 25.25, 25.25, 25.25, 25.0, 25.0, 26.0, 25.25, 25.75, 25.25, 25.25, 25.5, 24.75, 25.75, 25.25, 25.75, 26.0, 25.5, 25.5, 25.0, 25.5, 25.75, 26.0, 25.75, 25.75, 25.75, 26.0, 25.25, 25.25, 25.75, 25.5, 26.25, 26.0, 26.0, 26.75, 26.0, 26.0, 26.75]"
1519925867.763212 "[24.75, 24.5, 24.75, 25.0, 24.75, 24.75, 24.5, 25.5, 25.0, 24.5, 25.0, 25.25, 25.0, 24.75, 25.0, 24.5, 25.75, 25.0, 25.5, 25.25, 25.5, 25.0, 24.75, 25.5, 25.25, 25.0, 25.25, 25.25, 25.25, 25.25, 25.0, 25.0, 26.0, 25.25, 25.75, 25.25, 25.25, 25.5, 24.75, 25.75, 25.25, 25.75, 26.0, 25.5, 25.5, 25.0, 25.5, 25.25, 25.5, 25.5, 26.25, 26.0, 25.75, 25.25, 25.75, 25.5, 25.75, 26.25, 26.0, 26.0, 26.0, 25.75, 26.5, 27.0]"
1519925867.812286 "[25.0, 24.75, 25.0, 24.75, 25.0, 24.75, 25.25, 25.5, 24.75, 24.75, 25.25, 25.0, 25.0, 24.75, 24.5, 25.0, 25.75, 25.0, 25.5, 25.25, 25.25, 24.5, 24.5, 25.5, 25.5, 25.25, 25.25, 24.75, 25.5, 25.5, 25.0, 25.0, 25.75, 25.75, 25.25, 25.25, 25.25, 25.0, 25.0, 25.25, 25.25, 25.75, 25.5, 25.5, 25.25, 24.75, 25.5, 25.25, 25.5, 25.5, 26.25, 26.0, 25.75, 25.25, 25.75, 25.5, 25.75, 26.25, 26.0, 26.0, 26.0, 25.75, 26.5, 27.0]"
1519925867.853985 "[25.0, 24.75, 25.0, 24.75, 25.0, 24.75, 25.25, 25.5, 24.75, 24.75, 25.25, 25.0, 25.0, 24.75, 24.5, 25.0, 25.75, 25.0, 25.5, 25.25, 25.25, 24.5, 24.5, 25.5, 25.5, 25.25, 25.25, 24.75, 25.5, 25.5, 25.0, 25.0, 25.75, 25.75, 25.25, 25.25, 25.25, 25.0, 25.0, 25.25, 25.25, 25.75, 25.5, 25.5, 25.25, 24.75, 25.5, 25.25, 25.5, 25.5, 26.25, 26.0, 25.75, 25.25, 25.75, 25.5, 25.75, 26.25, 26.0, 26.0, 26.0, 25.75, 26.5, 27.0]"
1519925867.89602 "[25.0, 24.75, 25.0, 25.0, 25.25, 25.0, 25.0, 25.75, 25.0, 24.75, 25.25, 25.0, 24.75, 25.5, 25.25, 24.75, 25.25, 25.0, 25.0, 25.25, 25.0, 24.75, 25.0, 25.0, 24.75, 25.0, 25.0, 25.25, 25.5, 25.25, 24.75, 25.25, 25.75, 25.5, 25.75, 25.5, 25.0, 25.0, 25.5, 25.5, 25.75, 25.5, 25.75, 25.5, 25.5, 25.0, 25.5, 24.75, 25.75, 25.5, 26.0, 25.5, 25.75, 25.5, 25.25, 25.75, 26.25, 26.25, 26.5, 26.0, 26.25, 26.5, 26.25, 27.0]"
1519925867.939769 "[24.75, 24.5, 25.0, 25.0, 25.25, 25.0, 25.0, 25.75, 25.0, 24.75, 25.25, 25.0, 24.75, 25.5, 25.25, 24.75, 25.25, 25.0, 25.0, 25.25, 25.0, 24.75, 25.0, 25.0, 24.75, 25.0, 25.0, 25.25, 25.5, 25.25, 24.75, 25.25, 25.75, 25.5, 25.75, 25.5, 25.0, 25.0, 25.5, 25.5, 25.75, 25.5, 25.75, 25.5, 25.5, 25.0, 25.5, 24.75, 25.75, 25.5, 26.0, 25.5, 25.75, 25.5, 25.25, 25.75, 26.25, 26.25, 26.5, 26.0, 26.25, 26.5, 26.25, 27.0]"
1519925867.990536 "[24.75, 24.5, 25.0, 25.0, 25.25, 25.0, 25.0, 25.75, 25.0, 24.75, 25.25, 25.0, 24.75, 25.5, 25.25, 24.75, 25.25, 25.25, 25.25, 25.0, 25.0, 24.75, 24.5, 25.0, 25.25, 25.0, 24.75, 24.75, 25.0, 24.75, 25.0, 25.5, 25.75, 25.5, 25.5, 25.25, 25.25, 25.0, 25.25, 25.5, 25.5, 25.5, 25.5, 25.5, 25.25, 25.0, 25.25, 25.5, 25.5, 25.75, 26.5, 25.5, 25.5, 25.25, 25.75, 25.25, 26.0, 26.75, 25.75, 25.5, 26.5, 26.25, 26.0, 26.5]"
1519925868.033086 "[25.0, 24.75, 25.25, 24.75, 25.25, 24.25, 25.0, 25.5, 25.0, 24.75, 25.0, 24.75, 25.0, 24.75, 25.5, 24.75, 25.25, 25.25, 25.25, 25.0, 25.0, 24.75, 24.5, 25.0, 25.25, 25.0, 24.75, 24.75, 25.0, 24.75, 25.0, 25.5, 25.75, 25.5, 25.5, 25.25, 25.25, 25.0, 25.25, 25.5, 25.5, 25.5, 25.5, 25.5, 25.25, 25.0, 25.25, 25.5, 25.5, 25.75, 26.5, 25.5, 25.5, 25.25, 25.75, 25.25, 26.0, 26.75, 25.75, 25.5, 26.5, 26.25, 26.0, 26.5]"
1519925868.074403 "[25.0, 24.75, 25.25, 24.75, 25.25, 24.25, 25.0, 25.5, 25.0, 24.75, 25.0, 24.75, 25.0, 24.75, 25.5, 24.75, 25.25, 25.25, 25.25, 25.0, 25.0, 24.75, 24.5, 25.0, 25.25, 25.0, 24.75, 24.75, 25.0, 24.75, 25.0, 25.5, 25.75, 25.5, 25.5, 25.25, 25.25, 25.0, 25.25, 25.5, 25.5, 25.5, 25.5, 25.5, 25.25, 25.25, 25.75, 25.75, 25.5, 25.5, 25.75, 25.5, 25.5, 25.25, 25.5, 25.25, 26.5, 26.0, 26.5, 25.75, 26.0, 26.25, 26.75, 26.0]"
1519925868.115037 "[25.25, 24.75, 25.5, 25.5, 25.0, 24.5, 25.0, 25.75, 24.75, 25.0, 24.75, 25.0, 24.5, 25.0, 24.75, 24.75, 25.75, 25.5, 25.0, 25.0, 24.75, 25.0, 25.0, 25.5, 25.5, 25.5, 25.25, 25.5, 25.0, 25.5, 24.75, 25.25, 25.5, 25.25, 25.75, 25.25, 25.5, 25.0, 25.25, 25.75, 25.5, 25.75, 26.0, 25.5, 25.25, 25.25, 25.75, 25.75, 25.5, 25.5, 25.75, 25.5, 25.5, 25.25, 25.5, 25.25, 26.5, 26.0, 26.5, 25.75, 26.0, 26.25, 26.75, 26.0]"
1519925868.155847 "[25.25, 24.75, 25.5, 25.5, 25.0, 24.5, 25.0, 25.75, 24.75, 25.0, 24.75, 25.0, 24.5, 25.0, 24.75, 24.75, 25.75, 25.5, 25.0, 25.0, 24.75, 25.0, 25.0, 25.5, 25.5, 25.5, 25.25, 25.5, 25.0, 25.5, 24.75, 25.25, 25.5, 25.25, 25.75, 25.25, 25.5, 25.0, 25.25, 25.75, 25.5, 25.75, 26.0, 25.5, 25.25, 25.25, 25.75, 25.75, 25.5, 25.5, 25.75, 25.5, 25.5, 25.25, 25.5, 25.25, 26.5, 26.0, 26.5, 25.75, 26.0, 26.25, 26.75, 26.0]"
1519925868.19636 "[25.25, 24.75, 25.5, 25.5, 25.0, 24.5, 25.0, 25.75, 24.75, 25.0, 24.75, 25.0, 24.5, 25.0, 24.75, 24.75, 25.5, 25.75, 25.25, 25.25, 25.0, 25.0, 24.75, 25.5, 25.25, 25.25, 25.5, 24.75, 25.75, 25.5, 25.0, 25.25, 25.5, 26.0, 25.5, 25.5, 25.25, 25.25, 25.25, 25.25, 25.75, 25.25, 25.75, 25.75, 25.75, 25.0, 25.5, 25.25, 26.0, 26.0, 26.75, 26.25, 25.75, 25.5, 25.75, 26.25, 26.5, 27.5, 26.5, 25.75, 26.5, 26.0, 26.5, 26.5]"
1519925868.23881 "[25.25, 24.5, 25.0, 25.0, 25.0, 24.75, 25.0, 26.0, 25.0, 25.0, 24.75, 25.0, 24.5, 25.0, 25.0, 25.0, 25.5, 25.75, 25.25, 25.25, 25.0, 25.0, 24.75, 25.5, 25.25, 25.25, 25.5, 24.75, 25.75, 25.5, 25.0, 25.25, 25.5, 26.0, 25.5, 25.5, 25.25, 25.25, 25.25, 25.25, 25.75, 25.25, 25.75, 25.75, 25.75, 25.0, 25.5, 25.25, 26.0, 26.0, 26.75, 26.25, 25.75, 25.5, 25.75, 26.25, 26.5, 27.5, 26.5, 25.75, 26.5, 26.0, 26.5, 26.5]"
1519925868.304616 "[25.25, 24.5, 25.0, 25.0, 25.0, 24.75, 25.0, 26.0, 25.0, 25.0, 24.75, 25.0, 24.5, 25.0, 25.0, 25.0, 25.5, 25.75, 25.25, 25.25, 25.0, 25.0, 24.75, 25.5, 25.25, 25.25, 25.5, 24.75, 25.75, 25.5, 25.0, 25.5, 25.75, 25.75, 25.75, 25.5, 25.25, 25.25, 25.25, 25.5, 25.75, 25.75, 25.5, 25.5, 25.0, 25.25, 25.25, 25.5, 26.25, 26.0, 26.25, 26.5, 25.5, 26.25, 25.25, 26.0, 26.0, 27.25, 26.5, 26.0, 26.0, 26.0, 26.25, 26.5]"
1519925868.382388 "[25.0, 24.25, 25.25, 25.25, 24.5, 24.75, 25.5, 25.75, 25.0, 25.25, 25.0, 24.75, 24.25, 25.5, 25.0, 24.75, 25.5, 25.25, 25.5, 24.75, 25.0, 25.0, 24.75, 25.0, 25.5, 25.25, 25.5, 25.25, 25.0, 25.5, 25.0, 25.5, 25.75, 25.75, 25.75, 25.5, 25.25, 25.25, 25.25, 25.5, 25.75, 25.75, 25.5, 25.5, 25.0, 25.25, 25.25, 25.5, 26.25, 26.0, 26.25, 26.5, 25.5, 26.25, 25.0, 25.75, 26.25, 27.0, 26.5, 26.5, 26.25, 26.5, 26.0, 26.25]"
1519925868.453083 "[24.25, 25.0, 25.5, 25.5, 25.25, 24.75, 25.0, 26.0, 25.25, 25.0, 25.25, 25.0, 25.0, 25.25, 25.5, 24.5, 26.0, 25.5, 25.25, 25.25, 25.25, 25.0, 25.0, 25.75, 25.5, 25.0, 24.75, 25.0, 24.75, 25.25, 25.25, 24.75, 25.5, 25.5, 25.75, 25.5, 25.0, 25.5, 24.75, 25.5, 25.25, 26.0, 26.0, 25.75, 25.25, 25.25, 25.75, 24.5, 26.0, 25.75, 26.5, 26.25, 25.75, 25.5, 25.0, 25.75, 26.25, 27.0, 26.5, 26.5, 26.25, 26.5, 26.0, 26.25]"
1519925868.520373 "[24.25, 25.0, 25.5, 25.5, 25.25, 24.75, 25.0, 26.0, 25.25, 25.0, 25.25, 25.0, 25.0, 25.25, 25.5, 24.5, 26.0, 25.5, 25.25, 25.25, 25.25, 25.0, 24.5, 25.0, 25.0, 25.25, 25.25, 25.25, 25.25, 25.5, 25.0, 25.25, 25.75, 25.25, 25.5, 25.25, 25.25, 25.25, 25.0, 25.75, 25.25, 26.0, 25.5, 25.75, 25.25, 25.25, 25.25, 25.0, 26.0, 25.0, 26.5, 26.5, 25.25, 26.0, 25.25, 26.0, 26.75, 26.75, 27.5, 26.5, 26.0, 26.75, 26.5, 27.0]"
1519925868.59763 "[24.75, 24.5, 25.25, 25.75, 24.5, 25.0, 25.0, 25.75, 24.75, 24.75, 25.0, 25.25, 24.5, 25.5, 25.0, 24.75, 25.5, 25.5, 25.25, 25.5, 25.25, 25.0, 24.5, 25.0, 25.0, 25.25, 25.25, 25.25, 25.25, 25.5, 25.0, 25.25, 25.75, 25.25, 25.5, 25.25, 25.25, 25.25, 25.0, 25.75, 25.25, 26.0, 25.5, 25.75, 25.25, 25.25, 25.25, 25.0, 25.5, 25.75, 26.5, 27.0, 25.75, 25.75, 25.25, 25.75, 27.25, 27.5, 27.75, 26.5, 26.5, 26.25, 26.25, 26.5]"
1519925868.664487 "[25.0, 25.0, 25.75, 25.25, 25.5, 25.0, 25.25, 25.5, 25.0, 24.5, 25.0, 25.0, 24.75, 25.25, 25.0, 24.75, 25.5, 25.25, 25.25, 25.0, 24.75, 25.0, 24.75, 25.25, 25.5, 25.0, 25.0, 25.0, 25.25, 25.25, 25.0, 25.25, 25.75, 25.5, 25.5, 25.5, 25.0, 25.0, 25.25, 25.25, 25.25, 25.5, 25.75, 26.0, 25.5, 25.5, 25.25, 25.75, 25.5, 25.75, 26.5, 27.0, 25.75, 25.75, 25.25, 25.75, 27.25, 27.5, 27.75, 26.5, 26.5, 26.25, 26.25, 26.5]"
1519925868.707672 "[25.0, 25.0, 25.75, 25.25, 25.5, 25.0, 25.25, 25.5, 25.0, 24.5, 25.0, 25.0, 24.75, 25.25, 25.0, 24.75, 25.5, 25.25, 25.25, 25.0, 24.75, 25.0, 24.75, 25.25, 25.5, 24.5, 25.25, 25.0, 25.25, 25.5, 25.25, 25.0, 25.75, 25.5, 25.5, 25.25, 25.0, 25.25, 25.25, 25.25, 25.5, 25.0, 25.75, 25.75, 25.25, 25.5, 25.25, 25.25, 26.0, 26.25, 26.75, 27.25, 26.5, 25.75, 26.0, 26.0, 26.75, 27.5, 27.5, 26.5, 26.5, 26.25, 26.0, 26.5]"
1519925868.751198 "[24.75, 24.75, 25.5, 25.0, 24.75, 25.0, 24.5, 26.5, 25.0, 25.0, 25.5, 25.25, 24.5, 25.25, 25.0, 25.5, 25.25, 25.25, 25.5, 25.0, 24.5, 25.25, 24.75, 25.5, 25.5, 24.5, 25.25, 25.0, 25.25, 25.5, 25.25, 25.0, 25.75, 25.5, 25.5, 25.25, 25.0, 25.25, 25.25, 25.25, 25.5, 25.0, 25.75, 25.75, 25.25, 25.5, 25.25, 25.25, 26.0, 26.25, 26.75, 27.25, 26.5, 25.75, 26.0, 26.0, 26.75, 27.5, 27.5, 26.5, 26.5, 26.25, 26.0, 26.5]"
1519925868.796298 "[24.75, 24.75, 25.5, 25.0, 24.75, 25.0, 24.5, 26.5, 25.0, 25.0, 25.5, 25.25, 24.5, 25.25, 25.0, 25.5, 25.25, 25.25, 25.5, 25.0, 24.5, 25.25, 24.75, 25.5, 25.5, 24.5, 25.25, 25.0, 25.25, 25.5, 25.25, 25.0, 25.75, 25.5, 25.5, 25.25, 25.0, 25.25, 25.25, 25.25, 25.5, 25.0, 25.75, 25.75, 25.25, 25.5, 25.25, 25.75, 25.75, 26.25, 27.0, 27.0, 26.25, 26.5, 25.25, 25.25, 26.5, 27.75, 27.75, 26.75, 27.0, 26.25, 26.0, 26.75]"
1519925868.837774 "[25.0, 24.75, 25.0, 25.25, 24.5, 24.5, 25.0, 26.0, 24.75, 24.5, 25.25, 25.5, 24.5, 25.5, 25.0, 24.5, 25.5, 25.25, 25.5, 25.25, 25.5, 25.0, 24.5, 25.0, 25.75, 25.25, 25.25, 25.0, 25.0, 25.5, 25.0, 25.5, 26.0, 26.0, 25.25, 25.25, 25.0, 25.25, 25.25, 25.5, 25.75, 26.0, 25.75, 25.5, 25.75, 25.0, 25.75, 25.75, 25.75, 26.25, 27.0, 27.0, 26.25, 26.5, 25.25, 25.25, 26.5, 27.75, 27.75, 26.75, 27.0, 26.25, 26.0, 26.75]"
1519925868.879317 "[25.0, 24.75, 25.0, 25.25, 24.5, 24.5, 25.0, 26.0, 24.75, 24.5, 25.25, 25.5, 24.5, 25.5, 25.0, 24.5, 25.5, 25.25, 25.5, 25.25, 25.5, 25.0, 24.5, 25.0, 25.75, 25.25, 25.25, 25.0, 25.0, 25.5, 25.0, 25.5, 26.0, 26.0, 25.25, 25.25, 25.0, 25.25, 25.25, 25.5, 25.75, 26.0, 25.75, 25.5, 25.75, 25.0, 25.75, 25.75, 25.75, 26.25, 27.0, 27.0, 26.25, 26.5, 25.25, 25.25, 26.5, 27.75, 27.75, 26.75, 27.0, 26.25, 26.0, 26.75]"
1519925868.920236 "[25.0, 24.75, 25.0, 25.25, 24.5, 24.5, 25.0, 26.0, 24.75, 24.5, 25.25, 25.5, 24.5, 25.5, 25.0, 25.0, 25.75, 25.0, 25.25, 25.25, 25.25, 25.0, 24.75, 25.5, 25.5, 25.0, 25.25, 25.25, 25.25, 25.5, 25.0, 24.25, 25.75, 25.25, 25.5, 25.5, 25.5, 25.5, 25.25, 25.5, 25.5, 26.0, 25.75, 26.0, 25.5, 25.25, 25.75, 25.5, 25.75, 26.25, 26.5, 27.5, 26.25, 26.25, 25.0, 25.75, 26.75, 27.75, 27.75, 27.0, 26.25, 26.5, 26.0, 27.25]"
1519925868.960837 "[25.0, 24.75, 25.0, 25.25, 25.25, 24.5, 24.75, 25.5, 25.0, 24.5, 25.25, 25.0, 25.0, 25.25, 25.0, 25.0, 25.75, 25.0, 25.25, 25.25, 25.25, 25.0, 24.75, 25.5, 25.5, 25.0, 25.25, 25.25, 25.25, 25.5, 25.0, 24.25, 25.75, 25.25, 25.5, 25.5, 25.5, 25.5, 25.25, 25.5, 25.5, 26.0, 25.75, 26.0, 25.5, 25.25, 25.75, 25.5, 25.75, 26.25, 26.5, 27.5, 26.25, 26.25, 25.0, 25.75, 26.75, 27.75, 27.75, 27.0, 26.25, 26.5, 26.0, 27.25]"
1519925869.002765 "[25.0, 24.75, 25.0, 25.25, 25.25, 24.5, 24.75, 25.5, 25.0, 24.5, 25.25, 25.0, 25.0, 25.25, 25.0, 25.0, 25.75, 25.0, 25.25, 25.25, 25.25, 25.0, 24.75, 25.5, 25.5, 25.0, 25.25, 25.25, 25.25, 25.5, 25.0, 24.25, 25.75, 25.25, 25.5, 25.5, 25.5, 25.5, 25.25, 25.5, 25.5, 26.0, 25.75, 26.0, 25.5, 25.25, 25.75, 26.0, 26.0, 25.75, 27.25, 27.5, 26.75, 26.25, 25.5, 25.5, 26.5, 27.25, 28.25, 27.0, 27.0, 26.5, 26.25, 26.25]"
1519925869.045438 "[25.0, 24.75, 25.25, 25.5, 24.75, 25.0, 25.0, 25.75, 25.0, 24.75, 25.25, 24.75, 25.0, 25.25, 25.25, 24.75, 25.75, 25.5, 25.75, 25.5, 25.0, 24.75, 25.0, 25.5, 25.5, 25.25, 25.25, 25.25, 25.25, 25.5, 24.75, 24.75, 26.0, 25.5, 25.75, 25.5, 25.0, 25.5, 25.0, 25.75, 25.75, 25.25, 25.75, 25.75, 25.25, 25.25, 26.0, 26.0, 26.0, 25.75, 27.25, 27.5, 26.75, 26.25, 25.5, 25.5, 26.5, 27.25, 28.25, 27.0, 27.0, 26.5, 26.25, 26.25]"
1519925869.086274 "[25.0, 24.75, 25.25, 25.5, 24.75, 25.0, 25.0, 25.75, 25.0, 24.75, 25.25, 24.75, 25.0, 25.25, 25.25, 24.75, 25.75, 25.5, 25.75, 25.5, 25.0, 24.75, 25.0, 25.5, 25.5, 25.25, 25.25, 25.25, 25.25, 25.5, 24.75, 24.75, 26.0, 25.5, 25.75, 25.5, 25.0, 25.5, 25.0, 25.75, 25.75, 25.25, 25.75, 25.75, 25.25, 25.25, 26.0, 26.0, 26.0, 25.75, 27.25, 27.5, 26.75, 26.25, 25.5, 25.5, 26.5, 27.25, 28.25, 27.0, 27.0, 26.5, 26.25, 26.25]"
1519925869.127311 "[25.0, 24.75, 25.25, 25.5, 24.75, 25.0, 25.0, 25.75, 25.0, 24.75, 25.25, 24.75, 25.0, 25.25, 25.25, 24.5, 25.75, 25.5, 25.0, 25.5, 25.0, 25.0, 24.5, 25.75, 25.5, 25.5, 25.25, 25.25, 25.25, 25.25, 25.5, 25.25, 26.0, 25.5, 25.5, 25.25, 25.25, 25.0, 25.25, 25.5, 25.75, 25.75, 26.25, 25.75, 25.5, 25.25, 25.75, 25.5, 25.75, 26.25, 27.0, 27.5, 26.5, 26.25, 25.75, 25.75, 26.5, 27.25, 28.25, 27.75, 27.25, 26.75, 26.25, 26.75]"
1519925869.169085 "[24.25, 24.75, 25.0, 25.75, 24.75, 24.75, 25.0, 25.75, 24.5, 25.0, 24.75, 25.25, 24.5, 25.0, 25.5, 24.5, 25.75, 25.5, 25.0, 25.5, 25.0, 25.0, 24.5, 25.75, 25.5, 25.5, 25.25, 25.25, 25.25, 25.25, 25.5, 25.25, 26.0, 25.5, 25.5, 25.25, 25.25, 25.0, 25.25, 25.5, 25.75, 25.75, 26.25, 25.75, 25.5, 25.25, 25.75, 25.5, 25.75, 26.25, 27.0, 27.5, 26.5, 26.25, 25.75, 25.75, 26.5, 27.25, 28.25, 27.75, 27.25, 26.75, 26.25, 26.75]"
1519925869.210927 "[24.25, 24.75, 25.0, 25.75, 24.75, 24.75, 25.0, 25.75, 24.5, 25.0, 24.75, 25.25, 24.5, 25.0, 25.5, 24.5, 25.75, 25.5, 25.0, 25.5, 25.0, 25.0, 24.5, 25.75, 25.5, 25.5, 25.25, 25.25, 25.25, 25.25, 25.5, 25.25, 26.0, 25.5, 25.5, 25.25, 25.25, 25.0, 25.25, 25.5, 25.75, 25.75, 26.25, 25.75, 25.5, 25.25, 25.5, 25.5, 25.5, 26.0, 26.75, 27.5, 26.75, 26.0, 25.25, 25.75, 27.0, 27.0, 28.75, 27.0, 27.0, 26.75, 26.25, 26.5]"
1519925869.254989 "[25.0, 25.0, 25.75, 25.5, 25.0, 24.5, 24.75, 25.75, 24.75, 25.25, 25.25, 25.25, 24.75, 25.0, 25.0, 25.0, 26.0, 25.25, 25.75, 25.75, 25.25, 25.0, 25.0, 25.5, 26.0, 25.0, 25.25, 25.5, 25.25, 25.25, 25.0, 25.25, 25.5, 25.5, 25.25, 25.75, 25.25, 25.25, 24.75, 25.5, 25.5, 25.75, 26.25, 26.0, 25.5, 25.25, 25.5, 25.5, 25.5, 26.0, 26.75, 27.5, 26.75, 26.0, 25.25, 25.75, 27.0, 27.0, 28.75, 27.0, 27.0, 26.75, 26.25, 26.5]"
1519925869.296353 "[25.0, 25.0, 25.75, 25.5, 25.0, 24.5, 24.75, 25.75, 24.75, 25.25, 25.25, 25.25, 24.75, 25.0, 25.0, 25.0, 26.0, 25.25, 25.75, 25.75, 25.25, 25.0, 25.0, 25.5, 26.0, 25.0, 25.25, 25.5, 25.25, 25.25, 25.0, 25.25, 25.5, 25.5, 25.25, 25.75, 25.25, 25.25, 24.75, 25.5, 25.5, 25.75, 26.25, 26.0, 25.5, 25.25, 25.5, 25.5, 25.5, 26.0, 26.75, 27.5, 26.75, 26.0, 25.25, 25.75, 27.0, 27.0, 28.75, 27.0, 27.0, 26.75, 26.25, 26.5]"
1519925869.338493 "[25.0, 25.0, 25.75, 25.5, 25.0, 24.5, 24.75, 25.75, 24.75, 25.0, 25.25, 25.0, 25.0, 25.0, 25.25, 25.25, 25.75, 25.5, 25.5, 25.5, 25.25, 25.0, 24.5, 25.5, 25.75, 25.0, 24.75, 25.25, 25.5, 25.25, 25.0, 25.25, 26.25, 25.75, 25.5, 25.75, 25.0, 25.25, 25.25, 25.75, 26.0, 25.25, 26.0, 26.0, 25.5, 25.25, 25.75, 25.25, 25.5, 26.25, 26.75, 27.5, 26.25, 26.25, 26.0, 26.25, 26.0, 27.0, 28.25, 28.0, 26.5, 26.75, 26.5, 27.25]"
1519925869.401245 "[24.75, 25.5, 26.0, 25.25, 25.25, 24.25, 25.0, 26.25, 24.75, 25.0, 25.25, 25.0, 25.0, 25.0, 25.25, 25.25, 25.75, 25.5, 25.5, 25.5, 25.25, 25.0, 24.5, 25.5, 25.75, 25.0, 24.75, 25.25, 25.5, 25.25, 25.0, 25.25, 26.25, 25.75, 25.5, 25.75, 25.0, 25.25, 25.25, 25.75, 26.0, 25.25, 26.0, 26.0, 25.5, 25.25, 25.75, 25.25, 25.5, 26.25, 26.75, 27.5, 26.25, 26.25, 26.0, 26.25, 26.0, 27.0, 28.25, 28.0, 26.5, 26.75, 26.5, 27.25]"
1519925869.480377 "[24.75, 25.5, 26.0, 25.25, 25.25, 24.75, 25.75, 26.5, 24.75, 24.75, 25.0, 25.0, 25.0, 25.25, 25.0, 24.75, 24.5, 25.25, 25.25, 25.0, 25.0, 25.0, 25.0, 25.25, 25.5, 25.0, 25.5, 24.75, 25.25, 25.0, 24.75, 25.5, 26.25, 25.5, 25.5, 25.5, 25.5, 25.0, 25.25, 25.25, 26.0, 25.75, 25.75, 25.5, 25.25, 25.5, 25.5, 25.25, 25.75, 25.75, 26.75, 27.5, 26.75, 26.0, 25.0, 25.75, 26.25, 27.25, 28.0, 27.75, 27.5, 26.25, 26.25, 26.5]"
1519925869.547363 "[25.25, 24.75, 25.25, 25.5, 25.25, 24.75, 25.75, 26.5, 24.75, 24.75, 25.0, 25.0, 25.0, 25.25, 25.0, 24.75, 24.5, 25.25, 25.25, 25.0, 25.0, 25.0, 25.0, 25.25, 25.5, 25.0, 25.5, 25.0, 25.5, 25.5, 25.25, 25.5, 26.0, 25.75, 26.0, 25.25, 25.25, 25.0, 25.25, 25.5, 25.5, 25.5, 26.25, 26.25, 25.5, 25.25, 25.75, 26.0, 25.75, 25.25, 27.0, 27.75, 26.5, 26.25, 26.0, 26.0, 26.25, 26.5, 27.5, 28.0, 28.0, 26.75, 26.25, 26.5]"
1519925869.623678 "[24.5, 24.25, 25.25, 25.0, 25.0, 24.25, 25.5, 25.5, 24.75, 25.0, 25.0, 25.75, 24.75, 25.75, 24.75, 25.0, 25.75, 25.25, 25.5, 25.25, 24.75, 25.0, 24.75, 25.25, 25.25, 25.0, 25.0, 25.0, 25.5, 25.5, 25.25, 25.5, 26.0, 25.75, 26.0, 25.25, 25.25, 25.0, 25.25, 25.5, 25.5, 25.5, 26.25, 26.25, 25.5, 25.25, 25.75, 26.0, 25.75, 25.25, 27.0, 27.75, 26.5, 26.25, 25.75, 26.0, 26.75, 27.25, 27.75, 28.25, 27.75, 27.0, 26.5, 26.25]"
1519925869.683361 "[24.5, 24.75, 25.5, 25.75, 25.25, 24.75, 25.25, 25.75, 24.75, 24.75, 25.0, 25.25, 25.0, 25.0, 25.25, 25.0, 26.0, 25.5, 25.5, 25.0, 24.75, 24.75, 24.25, 25.5, 25.75, 25.5, 24.75, 25.25, 25.0, 25.5, 25.25, 25.25, 25.75, 25.25, 25.75, 25.75, 24.75, 25.25, 25.25, 25.25, 25.5, 25.5, 25.5, 26.25, 25.75, 25.5, 25.75, 25.25, 26.25, 26.25, 27.5, 27.75, 26.75, 26.5, 25.75, 26.0, 26.75, 27.25, 27.75, 28.25, 27.75, 27.0, 26.5, 26.25]"
1519925869.724723 "[24.5, 24.75, 25.5, 25.75, 25.25, 24.75, 25.25, 25.75, 24.75, 24.75, 25.0, 25.25, 25.0, 25.0, 25.25, 25.0, 26.0, 25.5, 25.5, 25.0, 24.75, 24.75, 24.25, 25.5, 25.75, 25.5, 24.75, 25.25, 25.0, 25.5, 25.25, 25.25, 25.75, 25.25, 25.75, 25.75, 24.75, 25.25, 25.25, 25.25, 25.5, 25.5, 25.5, 26.25, 25.75, 25.5, 25.75, 25.25, 26.25, 26.25, 27.25, 27.75, 27.25, 26.0, 25.75, 25.5, 26.25, 26.75, 27.5, 28.5, 28.0, 26.5, 26.75, 26.75]"
1519925869.770594 "[25.0, 25.25, 25.5, 25.5, 25.0, 24.75, 25.25, 26.0, 25.0, 25.0, 25.25, 25.25, 24.5, 25.0, 25.0, 24.75, 25.5, 25.5, 25.5, 25.25, 25.0, 25.0, 25.0, 25.75, 25.75, 25.25, 25.0, 25.5, 25.25, 25.75, 25.25, 25.25, 25.5, 25.75, 26.0, 25.5, 25.25, 25.0, 25.0, 25.75, 26.0, 25.75, 25.75, 26.0, 26.0, 25.5, 26.0, 25.75, 26.5, 25.5, 27.25, 27.75, 27.25, 26.0, 25.75, 25.5, 26.25, 26.75, 27.5, 28.5, 28.0, 26.5, 26.75, 26.75]"
1519925869.817669 "[25.0, 25.25, 25.5, 25.5, 25.0, 24.75, 25.25, 26.0, 25.0, 25.0, 25.25, 25.25, 24.5, 25.0, 25.0, 24.75, 25.5, 25.5, 25.5, 25.25, 25.0, 25.0, 25.0, 25.75, 25.75, 25.25, 25.0, 25.5, 25.25, 25.75, 25.25, 25.25, 25.5, 25.75, 26.0, 25.5, 25.25, 25.0, 25.0, 25.75, 26.0, 25.75, 25.75, 26.0, 26.0, 25.5, 26.0, 25.75, 26.5, 25.5, 27.25, 27.75, 27.25, 26.0, 25.75, 25.5, 26.25, 26.75, 27.5, 28.5, 28.0, 26.5, 26.75, 26.75]"
1519925869.85797 "[25.0, 25.25, 25.5, 25.5, 25.0, 24.5, 25.0, 26.0, 25.25, 25.25, 25.0, 25.5, 24.75, 25.25, 24.5, 25.0, 25.75, 25.5, 25.0, 25.25, 25.0, 25.25, 25.0, 25.5, 25.25, 25.25, 25.5, 25.25, 25.25, 25.5, 25.5, 25.75, 26.0, 26.0, 25.75, 25.5, 25.75, 25.5, 25.0, 25.25, 25.75, 26.25, 25.75, 26.25, 26.0, 25.0, 26.25, 25.25, 26.0, 25.75, 27.5, 28.25, 27.0, 26.0, 25.5, 26.0, 27.25, 27.0, 27.75, 28.25, 28.0, 26.75, 26.5, 26.75]"
1519925869.90624 "[25.25, 25.25, 25.75, 25.5, 25.0, 24.5, 25.0, 26.0, 25.25, 25.25, 25.0, 25.5, 24.75, 25.25, 24.5, 25.0, 25.75, 25.5, 25.0, 25.25, 25.0, 25.25, 25.0, 25.5, 25.25, 25.25, 25.5, 25.25, 25.25, 25.5, 25.5, 25.75, 26.0, 26.0, 25.75, 25.5, 25.75, 25.5, 25.0, 25.25, 25.75, 26.25, 25.75, 26.25, 26.0, 25.0, 26.25, 25.25, 26.0, 25.75, 27.5, 28.25, 27.0, 26.0, 25.5, 26.0, 27.25, 27.0, 27.75, 28.25, 28.0, 26.75, 26.5, 26.75]"
1519925869.947694 "[25.25, 25.25, 25.75, 25.5, 25.0, 24.5, 25.0, 26.0, 25.25, 25.25, 25.0, 25.5, 24.75, 25.25, 24.5, 25.0, 25.75, 25.5, 25.0, 25.25, 25.0, 25.25, 25.0, 25.5, 25.25, 25.0, 25.25, 25.25, 25.25, 25.25, 24.75, 25.25, 25.5, 25.5, 25.75, 25.25, 25.25, 25.25, 25.25, 25.5, 26.0, 25.25, 25.75, 26.0, 26.0, 25.5, 26.0, 25.0, 26.25, 26.0, 26.75, 27.75, 27.25, 26.0, 25.5, 25.5, 26.0, 27.25, 27.25, 28.5, 27.75, 27.0, 26.25, 26.25]"
1519925869.996138 "[24.5, 25.0, 25.5, 25.5, 24.75, 24.75, 25.25, 25.75, 24.75, 24.5, 25.0, 25.25, 25.0, 25.0, 24.75, 25.25, 25.75, 25.5, 25.0, 25.25, 25.25, 24.75, 24.75, 25.0, 25.25, 25.0, 25.25, 25.25, 25.25, 25.25, 24.75, 25.25, 25.5, 25.5, 25.75, 25.25, 25.25, 25.25, 25.25, 25.5, 26.0, 25.25, 25.75, 26.0, 26.0, 25.5, 26.0, 25.0, 26.25, 26.0, 26.75, 27.75, 27.25, 26.0, 25.5, 25.5, 26.0, 27.25, 27.25, 28.5, 27.75, 27.0, 26.25, 26.25]"
1519925870.040818 "[24.5, 25.0, 25.5, 25.5, 24.75, 24.75, 25.25, 25.75, 24.75, 24.5, 25.0, 25.25, 25.0, 25.0, 24.75, 25.25, 25.75, 25.5, 25.0, 25.25, 25.25, 24.75, 24.75, 25.0, 25.25, 25.0, 25.25, 25.25, 25.25, 25.25, 24.75, 25.25, 25.5, 25.5, 25.75, 25.25, 25.25, 25.25, 25.25, 25.5, 26.0, 25.75, 25.75, 26.25, 25.75, 25.5, 26.0, 25.5, 25.75, 25.75, 26.75, 27.75, 27.25, 26.25, 25.5, 25.25, 26.25, 26.5, 27.25, 28.0, 28.5, 26.5, 26.25, 26.5]"
1519925870.083055 "[25.0, 24.75, 25.25, 25.0, 25.0, 24.75, 25.0, 25.75, 25.0, 24.75, 25.25, 25.0, 24.25, 25.25, 25.0, 24.25, 25.75, 25.0, 25.25, 25.25, 25.25, 25.0, 24.5, 25.5, 25.0, 25.0, 25.0, 25.0, 25.25, 25.25, 25.0, 25.0, 25.5, 25.75, 25.5, 25.25, 25.25, 25.0, 25.25, 25.5, 25.75, 25.75, 25.75, 26.25, 25.75, 25.5, 26.0, 25.5, 25.75, 25.75, 26.75, 27.75, 27.25, 26.25, 25.5, 25.25, 26.25, 26.5, 27.25, 28.0, 28.5, 26.5, 26.25, 26.5]"
1519925870.125047 "[25.0, 24.75, 25.25, 25.0, 25.0, 24.75, 25.0, 25.75, 25.0, 24.75, 25.25, 25.0, 24.25, 25.25, 25.0, 24.25, 25.75, 25.0, 25.25, 25.25, 25.25, 25.0, 24.5, 25.5, 25.0, 25.0, 25.0, 25.0, 25.25, 25.25, 25.0, 25.0, 25.5, 25.75, 25.5, 25.25, 25.25, 25.0, 25.25, 25.5, 25.75, 25.75, 25.75, 26.25, 25.75, 25.5, 26.0, 25.5, 25.75, 25.75, 26.75, 27.75, 27.25, 26.25, 25.5, 25.25, 26.25, 26.5, 27.25, 28.0, 28.5, 26.5, 26.25, 26.5]"
1519925870.168125 "[25.0, 24.75, 25.25, 25.0, 25.0, 24.75, 25.0, 25.75, 24.75, 24.5, 25.25, 25.0, 24.75, 25.0, 25.0, 25.0, 26.0, 25.0, 25.25, 25.5, 25.0, 24.75, 24.75, 25.5, 24.75, 25.0, 25.0, 25.25, 25.0, 25.5, 25.0, 25.0, 26.0, 26.25, 26.0, 25.75, 25.25, 25.5, 24.75, 25.5, 25.5, 25.5, 26.0, 26.75, 26.0, 25.25, 25.75, 25.75, 25.5, 26.25, 26.75, 29.0, 27.75, 26.25, 25.75, 25.75, 26.5, 27.0, 27.5, 27.75, 28.5, 27.0, 26.75, 26.75]"
1519925870.217573 "[24.5, 25.0, 25.25, 25.0, 25.0, 24.75, 25.25, 25.75, 24.75, 24.5, 25.25, 25.0, 24.75, 25.0, 25.0, 25.0, 26.0, 25.0, 25.25, 25.5, 25.0, 24.75, 24.75, 25.5, 24.75, 25.0, 25.0, 25.25, 25.0, 25.5, 25.0, 25.0, 26.0, 26.25, 26.0, 25.75, 25.25, 25.5, 24.75, 25.5, 25.5, 25.5, 26.0, 26.75, 26.0, 25.25, 25.75, 25.75, 25.5, 26.25, 26.75, 29.0, 27.75, 26.25, 25.75, 25.75, 26.5, 27.0, 27.5, 27.75, 28.5, 27.0, 26.75, 26.75]"
1519925870.258147 "[24.5, 25.0, 25.25, 25.0, 25.0, 24.75, 25.25, 25.75, 24.75, 24.5, 25.25, 25.0, 24.75, 25.0, 25.0, 25.0, 26.0, 25.0, 25.25, 25.5, 25.0, 24.75, 24.75, 25.5, 25.25, 25.5, 25.5, 25.25, 25.25, 25.0, 25.0, 25.25, 25.5, 25.75, 25.75, 25.5, 25.0, 25.25, 25.25, 25.5, 25.5, 25.75, 26.0, 27.5, 26.0, 25.25, 25.5, 25.5, 25.75, 25.75, 26.75, 28.25, 27.75, 26.75, 25.5, 26.25, 26.25, 27.0, 27.5, 27.5, 28.25, 27.0, 26.5, 26.75]"
1519925870.299481 "[24.75, 24.75, 25.0, 25.0, 24.75, 25.25, 25.5, 26.0, 24.75, 24.75, 24.5, 25.25, 24.25, 25.25, 24.75, 24.75, 26.0, 25.5, 25.25, 25.25, 25.0, 24.75, 24.5, 25.5, 25.25, 25.5, 25.5, 25.25, 25.25, 25.0, 25.0, 25.25, 25.5, 25.75, 25.75, 25.5, 25.0, 25.25, 25.25, 25.5, 25.5, 25.75, 26.0, 27.5, 26.0, 25.25, 25.5, 25.5, 25.75, 25.75, 26.75, 28.25, 27.75, 26.75, 25.5, 26.25, 26.25, 27.0, 27.5, 27.5, 28.25, 27.0, 26.5, 26.75]"
1519925870.342252 "[24.75, 24.75, 25.0, 25.0, 24.75, 25.25, 25.5, 26.0, 24.75, 24.75, 24.5, 25.25, 24.25, 25.25, 24.75, 24.75, 26.0, 25.5, 25.25, 25.25, 25.0, 24.75, 24.5, 25.5, 25.25, 25.5, 25.5, 25.25, 25.25, 25.0, 25.0, 25.25, 25.5, 25.75, 25.75, 25.5, 25.0, 25.25, 25.25, 25.5, 25.5, 25.75, 26.0, 27.5, 26.0, 25.25, 25.5, 25.5, 25.75, 25.75, 26.75, 28.25, 27.75, 26.75, 25.5, 26.25, 26.5, 27.25, 27.25, 28.25, 28.5, 27.25, 26.5, 26.5]"
1519925870.423768 "[24.5, 24.75, 25.5, 25.0, 25.0, 24.5, 25.25, 25.75, 24.75, 25.0, 25.5, 25.25, 24.5, 25.25, 25.0, 24.75, 25.75, 25.25, 25.25, 25.25, 25.0, 25.5, 25.0, 25.25, 25.25, 25.25, 25.25, 25.0, 25.0, 25.5, 25.25, 25.0, 25.75, 25.5, 25.5, 25.5, 25.75, 25.25, 25.25, 25.5, 25.75, 26.0, 25.75, 26.75, 26.0, 25.5, 25.25, 24.75, 26.0, 26.0, 26.75, 27.75, 28.25, 26.5, 25.75, 25.75, 26.5, 27.25, 27.25, 28.25, 28.5, 27.25, 26.5, 26.5]"
1519925870.477321 "[24.5, 24.75, 25.5, 25.0, 25.0, 24.5, 25.25, 25.75, 24.75, 25.0, 25.5, 25.25, 24.5, 25.25, 25.0, 24.75, 25.75, 25.0, 25.25, 25.25, 25.0, 25.0, 24.5, 25.25, 25.5, 25.5, 25.25, 25.25, 25.0, 25.5, 25.25, 25.25, 26.0, 25.75, 25.5, 25.5, 25.25, 25.25, 25.0, 25.75, 25.5, 26.0, 26.0, 26.75, 26.25, 26.0, 25.75, 25.5, 25.75, 26.5, 27.0, 28.25, 28.25, 27.25, 26.25, 26.75, 26.5, 26.75, 27.75, 27.75, 28.5, 27.25, 26.25, 27.0]"
1519925870.524318 "[25.25, 24.75, 24.75, 25.0, 25.0, 24.5, 25.0, 26.25, 24.5, 24.75, 24.75, 24.75, 24.5, 25.75, 24.75, 24.75, 25.75, 25.0, 25.25, 25.25, 25.0, 25.0, 24.5, 25.25, 25.5, 25.5, 25.25, 25.25, 25.0, 25.5, 25.25, 25.25, 26.0, 25.75, 25.5, 25.5, 25.25, 25.25, 25.0, 25.75, 25.5, 26.0, 26.0, 26.75, 26.25, 26.0, 25.75, 25.5, 25.75, 26.5, 27.0, 28.25, 28.25, 27.25, 26.25, 26.75, 26.5, 26.75, 27.75, 27.75, 28.5, 27.25, 26.25, 27.0]"
1519925870.565922 "[25.25, 24.75, 24.75, 25.0, 25.0, 24.5, 25.0, 26.25, 24.5, 24.75, 24.75, 24.75, 24.5, 25.75, 24.75, 24.75, 25.75, 25.0, 25.25, 25.25, 25.0, 25.0, 24.5, 25.25, 25.5, 25.5, 25.25, 25.25, 25.0, 25.25, 25.0, 24.75, 26.0, 25.5, 25.75, 25.25, 25.25, 25.5, 25.25, 25.5, 26.0, 25.5, 25.75, 27.0, 25.75, 25.5, 25.25, 25.5, 26.0, 26.25, 26.5, 27.5, 28.5, 27.25, 26.0, 25.25, 26.0, 26.5, 27.0, 27.25, 28.25, 27.25, 27.0, 26.5]"
1519925870.612538 "[24.75, 25.0, 24.75, 25.0, 25.5, 24.75, 25.0, 26.0, 25.0, 24.75, 25.25, 25.25, 24.75, 25.0, 24.75, 25.0, 25.25, 25.0, 25.25, 25.0, 24.75, 24.5, 24.5, 25.75, 25.25, 25.25, 24.75, 25.0, 25.0, 25.25, 25.0, 24.75, 26.0, 25.5, 25.75, 25.25, 25.25, 25.5, 25.25, 25.5, 26.0, 25.5, 25.75, 27.0, 25.75, 25.5, 25.25, 25.5, 26.0, 26.25, 26.5, 27.5, 28.5, 27.25, 26.0, 25.25, 26.0, 26.5, 27.0, 27.25, 28.25, 27.25, 27.0, 26.5]"
1519925870.65979 "[24.75, 25.0, 24.75, 25.0, 25.5, 24.75, 25.0, 26.0, 25.0, 24.75, 25.25, 25.25, 24.75, 25.0, 24.75, 25.0, 25.25, 25.0, 25.25, 25.0, 24.75, 24.5, 24.5, 25.75, 25.25, 25.25, 24.75, 25.0, 25.0, 25.25, 25.0, 24.75, 26.0, 25.5, 25.75, 25.25, 25.25, 25.5, 25.25, 25.5, 26.0, 25.5, 25.75, 26.5, 26.25, 25.75, 25.75, 25.75, 25.75, 26.25, 27.0, 27.25, 28.25, 27.25, 26.25, 26.0, 26.5, 27.5, 27.5, 27.5, 28.25, 27.5, 26.75, 26.75]"
1519925870.701307 "[24.75, 24.75, 25.0, 24.75, 24.5, 24.75, 25.25, 25.25, 24.75, 24.75, 25.0, 25.25, 24.25, 25.25, 24.75, 25.0, 25.75, 25.0, 25.5, 25.25, 25.0, 24.5, 25.0, 25.25, 26.0, 25.25, 25.25, 25.5, 25.5, 25.5, 25.25, 25.25, 25.75, 25.75, 25.5, 25.75, 25.5, 25.25, 25.0, 25.75, 26.0, 25.75, 26.25, 26.5, 26.25, 25.75, 25.75, 25.75, 25.75, 26.25, 27.0, 27.25, 28.25, 27.25, 26.25, 26.0, 26.5, 27.5, 27.5, 27.5, 28.25, 27.5, 26.75, 26.75]"
1519925870.749099 "[24.75, 24.75, 25.0, 24.75, 24.5, 24.75, 25.25, 25.25, 24.75, 24.75, 25.0, 25.25, 24.25, 25.25, 24.75, 25.0, 25.75, 25.0, 25.5, 25.25, 25.0, 24.5, 25.0, 25.25, 26.0, 25.25, 25.25, 25.5, 25.5, 25.5, 25.25, 25.25, 25.75, 25.75, 25.5, 25.75, 25.5, 25.25, 25.0, 25.75, 26.0, 25.75, 26.25, 26.5, 26.25, 25.75, 25.75, 25.75, 25.75, 26.25, 27.0, 27.25, 28.25, 27.25, 26.25, 26.0, 26.5, 27.5, 27.5, 27.5, 28.25, 27.5, 26.75, 26.75]"
1519925870.802259 "[25.0, 24.75, 25.0, 25.25, 24.5, 25.0, 24.75, 25.25, 24.75, 25.0, 24.5, 25.25, 24.5, 25.5, 24.75, 24.75, 25.5, 25.25, 25.5, 25.25, 25.0, 25.25, 24.5, 25.75, 25.25, 25.25, 25.25, 25.0, 25.25, 25.25, 25.0, 24.5, 26.0, 25.5, 25.5, 25.75, 25.5, 25.5, 25.0, 25.0, 25.75, 25.75, 26.25, 26.5, 26.25, 26.0, 25.75, 25.75, 25.0, 26.0, 26.5, 28.0, 28.5, 28.0, 25.5, 25.75, 26.0, 27.0, 27.25, 27.25, 28.25, 27.5, 26.5, 26.75]"
1519925870.849184 "[25.0, 24.75, 25.0, 25.25, 24.5, 25.0, 24.75, 25.25, 24.75, 25.0, 24.5, 25.25, 24.5, 25.5, 24.75, 24.75, 25.5, 25.25, 25.5, 25.25, 25.0, 25.25, 24.5, 25.75, 25.25, 25.25, 25.25, 25.0, 25.25, 25.25, 25.0, 24.5, 26.0, 25.5, 25.5, 25.75, 25.5, 25.5, 25.0, 25.0, 25.75, 25.75, 26.25, 26.5, 26.25, 26.0, 25.75, 25.75, 25.0, 26.0, 26.5, 28.0, 28.5, 28.0, 25.5, 25.75, 26.0, 27.0, 27.25, 27.25, 28.25, 27.5, 26.5, 26.75]"
1519925870.891058 "[25.0, 24.75, 25.0, 25.25, 24.5, 25.0, 25.0, 26.25, 25.0, 25.25, 25.0, 25.25, 24.75, 25.25, 25.25, 25.25, 25.5, 25.5, 25.5, 25.25, 24.75, 24.75, 25.0, 25.25, 26.0, 25.25, 25.75, 25.0, 25.5, 25.5, 25.75, 25.25, 26.0, 25.25, 26.0, 25.5, 25.25, 25.5, 25.25, 25.75, 25.75, 25.5, 25.75, 26.0, 26.5, 25.5, 26.25, 25.25, 26.0, 25.75, 26.25, 28.0, 28.75, 27.75, 25.75, 26.0, 26.5, 27.0, 26.75, 27.5, 28.0, 27.75, 26.0, 26.5]"
1519925870.937761 "[25.25, 25.0, 25.25, 25.25, 25.25, 25.0, 25.0, 26.25, 25.0, 25.25, 25.0, 25.25, 24.75, 25.25, 25.25, 25.25, 25.5, 25.5, 25.5, 25.25, 24.75, 24.75, 25.0, 25.25, 26.0, 25.25, 25.75, 25.0, 25.5, 25.5, 25.75, 25.25, 26.0, 25.25, 26.0, 25.5, 25.25, 25.5, 25.25, 25.75, 25.75, 25.5, 25.75, 26.0, 26.5, 25.5, 26.25, 25.25, 26.0, 25.75, 26.25, 28.0, 28.75, 27.75, 25.75, 26.0, 26.5, 27.0, 26.75, 27.5, 28.0, 27.75, 26.0, 26.5]"
1519925870.984887 "[25.25, 25.0, 25.25, 25.25, 25.25, 25.0, 25.0, 26.25, 25.0, 25.25, 25.0, 25.25, 24.75, 25.25, 25.25, 25.25, 25.5, 25.5, 25.5, 25.25, 24.75, 24.75, 25.0, 25.25, 26.0, 25.25, 25.75, 25.0, 25.5, 25.25, 24.75, 24.75, 25.5, 25.5, 25.75, 25.5, 25.5, 25.25, 25.5, 25.5, 25.75, 25.5, 26.0, 26.0, 26.75, 25.25, 25.5, 25.0, 25.5, 26.0, 26.75, 27.75, 28.25, 27.25, 25.75, 26.25, 26.0, 27.5, 27.5, 27.5, 28.0, 27.25, 26.75, 26.75]"
1519925871.026102 "[24.75, 24.75, 25.25, 25.25, 25.0, 24.75, 25.25, 26.0, 24.75, 24.25, 25.0, 25.0, 24.5, 25.25, 25.0, 25.25, 25.5, 25.25, 25.5, 24.75, 25.25, 24.75, 25.0, 25.5, 25.25, 25.25, 25.5, 25.5, 25.0, 25.25, 24.75, 24.75, 25.5, 25.5, 25.75, 25.5, 25.5, 25.25, 25.5, 25.5, 25.75, 25.5, 26.0, 26.0, 26.75, 25.25, 25.5, 25.0, 25.5, 26.0, 26.75, 27.75, 28.25, 27.25, 25.75, 26.25, 26.0, 27.5, 27.5, 27.5, 28.0, 27.25, 26.75, 26.75]"
1519925871.073271 "[24.75, 24.75, 25.25, 25.25, 25.0, 24.75, 25.25, 26.0, 24.75, 24.25, 25.0, 25.0, 24.5, 25.25, 25.0, 25.25, 25.5, 25.25, 25.5, 24.75, 25.25, 24.75, 25.0, 25.5, 25.25, 25.25, 25.5, 25.5, 25.0, 25.25, 24.75, 24.75, 25.5, 25.5, 25.75, 25.5, 25.5, 25.25, 25.5, 25.5, 25.75, 25.5, 26.0, 26.0, 25.75, 25.5, 25.75, 25.0, 26.0, 26.0, 26.5, 27.75, 28.75, 27.25, 25.5, 25.75, 26.5, 26.5, 26.75, 27.25, 28.25, 27.25, 26.0, 26.5]"
1519925871.119414 "[25.25, 24.5, 25.25, 25.25, 24.75, 24.5, 25.0, 26.0, 25.25, 24.75, 25.5, 25.25, 24.75, 25.0, 24.75, 24.75, 25.25, 25.0, 25.25, 25.25, 25.0, 24.75, 24.75, 25.25, 25.25, 25.25, 25.0, 25.5, 25.5, 25.5, 25.0, 25.25, 25.75, 25.5, 25.5, 25.25, 25.25, 25.25, 25.0, 25.25, 25.75, 25.5, 25.75, 26.25, 25.75, 25.5, 25.75, 25.0, 26.0, 26.0, 26.5, 27.75, 28.75, 27.25, 25.5, 25.75, 26.5, 26.5, 26.75, 27.25, 28.25, 27.25, 26.0, 26.5]"
1519925871.167368 "[25.25, 24.5, 25.25, 25.25, 24.75, 24.5, 25.0, 26.0, 25.25, 24.75, 25.5, 25.25, 24.75, 25.0, 24.75, 24.75, 25.25, 25.0, 25.25, 25.25, 25.0, 24.75, 24.75, 25.25, 25.25, 25.25, 25.0, 25.5, 25.5, 25.5, 25.0, 25.25, 25.75, 25.5, 25.5, 25.25, 25.25, 25.25, 25.0, 25.25, 25.75, 25.5, 25.75, 26.25, 25.75, 25.5, 25.75, 25.0, 26.0, 26.0, 26.5, 27.75, 28.75, 27.25, 25.5, 25.75, 26.5, 26.5, 27.0, 27.75, 28.0, 27.25, 26.5, 27.0]"
1519925871.215136 "[24.25, 25.0, 24.75, 25.5, 25.25, 24.75, 25.0, 25.5, 25.0, 25.0, 24.5, 25.25, 24.5, 25.25, 25.0, 25.0, 25.5, 25.0, 25.5, 25.25, 25.0, 24.75, 24.75, 25.5, 25.75, 25.0, 25.25, 25.0, 25.0, 25.5, 24.75, 25.25, 25.75, 25.5, 25.75, 25.5, 25.25, 25.75, 25.25, 25.25, 25.5, 25.5, 25.5, 26.25, 26.25, 25.5, 25.5, 25.25, 26.0, 26.0, 26.5, 28.0, 27.75, 26.75, 25.5, 26.0, 26.25, 26.75, 27.0, 27.75, 28.0, 27.25, 26.5, 27.0]"
1519925871.256011 "[24.25, 25.0, 24.75, 25.5, 25.25, 24.75, 25.0, 25.5, 25.0, 25.0, 24.5, 25.25, 24.5, 25.25, 25.0, 25.0, 25.5, 25.0, 25.5, 25.25, 25.0, 24.75, 24.75, 25.5, 25.75, 25.0, 25.25, 25.0, 25.0, 25.5, 24.75, 25.25, 25.75, 25.5, 25.75, 25.5, 25.25, 25.75, 25.25, 25.25, 25.5, 25.5, 25.5, 26.25, 26.25, 25.5, 25.5, 25.25, 26.0, 26.0, 26.5, 28.0, 27.75, 26.75, 25.5, 26.0, 26.25, 26.75, 27.0, 27.75, 28.0, 27.25, 26.5, 27.0]"
1519925871.303667 "[24.25, 25.0, 24.75, 25.5, 25.25, 24.75, 25.0, 25.5, 25.0, 25.0, 24.5, 25.25, 24.5, 25.25, 25.0, 25.0, 25.5, 25.0, 25.0, 25.25, 24.75, 24.75, 25.0, 25.5, 25.25, 25.25, 25.25, 25.25, 25.25, 25.25, 25.25, 25.5, 25.5, 25.5, 25.75, 25.25, 25.25, 25.5, 24.75, 25.75, 25.75, 25.5, 26.0, 26.0, 26.5, 25.0, 25.25, 25.75, 25.75, 25.75, 26.75, 28.25, 28.25, 27.0, 26.5, 25.75, 26.75, 27.0, 27.5, 27.25, 28.5, 27.5, 26.75, 26.0]"
1519925871.351568 "[24.75, 25.0, 25.75, 25.0, 25.0, 24.75, 25.25, 26.0, 24.75, 25.25, 25.5, 25.0, 24.5, 25.25, 24.5, 25.0, 25.25, 25.75, 25.0, 25.25, 24.75, 24.75, 25.0, 25.5, 25.25, 25.25, 25.25, 25.25, 25.25, 25.25, 25.25, 25.5, 25.5, 25.5, 25.75, 25.25, 25.25, 25.5, 24.75, 25.75, 25.75, 25.5, 26.0, 26.0, 26.5, 25.0, 25.25, 25.75, 25.75, 25.75, 26.75, 28.25, 28.25, 27.0, 26.5, 25.75, 26.75, 27.0, 27.5, 27.25, 28.5, 27.5, 26.75, 26.0]"
1519925871.397093 "[24.75, 25.0, 25.75, 25.0, 25.0, 24.75, 25.25, 26.0, 24.75, 25.25, 25.5, 25.0, 24.5, 25.25, 24.5, 25.0, 25.25, 25.75, 25.0, 25.25, 24.75, 24.75, 25.0, 25.0, 25.25, 25.25, 25.0, 25.0, 25.25, 25.5, 25.25, 25.0, 25.75, 25.25, 25.25, 26.0, 25.25, 25.25, 25.5, 25.75, 25.75, 25.75, 25.5, 26.5, 26.25, 25.5, 26.0, 25.25, 25.5, 26.25, 27.0, 28.25, 28.5, 27.25, 25.5, 25.5, 26.0, 27.25, 27.0, 27.5, 28.25, 27.75, 27.0, 26.5]"
1519925871.450578 "[25.0, 24.5, 25.25, 25.0, 24.75, 24.75, 25.0, 26.0, 25.25, 24.75, 24.75, 25.0, 24.75, 25.25, 24.5, 24.75, 25.5, 25.25, 25.25, 25.5, 25.0, 24.75, 24.75, 25.0, 25.25, 25.25, 25.0, 25.0, 25.25, 25.5, 25.25, 25.0, 25.75, 25.25, 25.25, 26.0, 25.25, 25.25, 25.5, 25.75, 25.75, 25.75, 25.5, 26.5, 26.25, 25.5, 26.0, 25.25, 25.5, 26.25, 27.0, 28.25, 28.5, 27.25, 25.5, 25.5, 26.0, 27.25, 27.0, 27.5, 28.25, 27.75, 27.0, 26.5]"
1519925871.497879 "[25.0, 24.5, 25.25, 25.0, 24.75, 24.75, 25.0, 26.0, 25.25, 24.75, 24.75, 25.0, 24.75, 25.25, 24.5, 24.75, 25.5, 25.25, 25.25, 25.5, 25.0, 24.75, 24.75, 25.0, 25.25, 25.25, 25.0, 25.0, 25.25, 25.5, 25.25, 25.0, 25.75, 25.25, 25.25, 26.0, 25.25, 25.25, 25.0, 25.75, 25.5, 25.5, 25.5, 26.25, 26.75, 25.5, 25.5, 25.25, 26.25, 26.0, 26.75, 27.5, 28.0, 27.25, 25.5, 26.0, 26.75, 26.75, 26.75, 27.25, 28.25, 27.25, 26.5, 26.5]"
1519925871.539644 "[24.5, 25.25, 25.5, 26.0, 24.75, 25.25, 25.5, 26.0, 24.75, 24.75, 25.0, 25.25, 24.75, 25.0, 25.0, 24.75, 25.25, 25.0, 25.5, 25.0, 25.0, 25.0, 24.5, 25.0, 25.5, 25.75, 24.75, 25.25, 25.0, 25.75, 25.5, 25.25, 26.0, 25.25, 25.75, 25.25, 25.5, 25.25, 25.0, 25.75, 25.5, 25.5, 25.5, 26.25, 26.75, 25.5, 25.5, 25.25, 26.25, 26.0, 26.75, 27.5, 28.0, 27.25, 25.5, 26.0, 26.75, 26.75, 26.75, 27.25, 28.25, 27.25, 26.5, 26.5]"
1519925871.586579 "[24.5, 25.25, 25.5, 26.0, 24.75, 25.25, 25.5, 26.0, 24.75, 24.75, 25.0, 25.25, 24.75, 25.0, 25.0, 24.75, 25.25, 25.0, 25.5, 25.0, 25.0, 25.0, 24.5, 25.0, 25.5, 25.75, 24.75, 25.25, 25.0, 25.75, 25.5, 25.25, 26.0, 25.25, 25.75, 25.25, 25.5, 25.25, 25.0, 25.75, 25.5, 25.5, 25.5, 26.25, 26.75, 25.5, 25.5, 25.25, 26.25, 26.0, 27.0, 27.75, 28.25, 27.25, 25.75, 25.75, 26.25, 27.0, 26.75, 26.75, 28.25, 27.0, 26.5, 26.5]"
1519925871.632936 "[24.5, 24.75, 25.0, 25.25, 24.75, 24.5, 24.75, 25.5, 25.25, 24.5, 25.25, 25.5, 24.75, 25.0, 24.75, 24.75, 25.25, 25.25, 25.75, 25.5, 25.0, 25.0, 24.5, 25.5, 25.0, 25.0, 25.25, 25.0, 25.0, 25.0, 25.0, 25.25, 25.5, 25.5, 25.75, 25.5, 25.0, 25.25, 25.0, 25.75, 25.0, 25.25, 25.75, 26.5, 26.5, 25.25, 25.75, 26.0, 26.0, 25.75, 27.0, 27.75, 28.25, 27.25, 25.75, 25.75, 26.25, 27.0, 26.75, 26.75, 28.25, 27.0, 26.5, 26.5]"
1519925871.674568 "[24.5, 24.75, 25.0, 25.25, 24.75, 24.5, 24.75, 25.5, 25.25, 24.5, 25.25, 25.5, 24.75, 25.0, 24.75, 24.75, 25.25, 25.25, 25.75, 25.5, 25.0, 25.0, 24.5, 25.5, 25.0, 25.0, 25.25, 25.0, 25.0, 25.0, 25.0, 25.25, 25.5, 25.5, 25.75, 25.5, 25.0, 25.25, 25.0, 25.75, 25.0, 25.25, 25.75, 26.5, 26.5, 25.25, 25.75, 26.0, 26.0, 25.75, 27.0, 27.75, 28.25, 27.25, 25.75, 25.75, 26.25, 27.0, 26.75, 26.75, 28.25, 27.0, 26.5, 26.5]"
1519925871.722304 "[24.5, 24.75, 25.0, 25.25, 24.75, 24.5, 24.75, 25.5, 25.25, 24.5, 25.25, 25.0, 24.75, 25.25, 24.75, 25.25, 25.5, 25.5, 25.5, 25.5, 25.25, 25.0, 24.75, 25.5, 25.75, 24.75, 25.5, 24.75, 25.25, 25.25, 25.0, 25.25, 25.75, 25.75, 25.75, 25.25, 25.5, 25.25, 25.0, 25.5, 25.75, 25.75, 25.75, 26.5, 26.5, 25.5, 25.5, 25.5, 25.75, 25.75, 27.0, 28.0, 28.0, 27.0, 25.75, 25.75, 26.25, 27.25, 27.25, 27.25, 27.75, 27.75, 26.5, 27.25]"
1519925871.768304 "[24.5, 24.75, 25.0, 25.25, 24.5, 24.5, 25.0, 26.25, 24.75, 24.5, 25.25, 25.0, 24.75, 25.25, 24.75, 25.25, 25.5, 25.5, 25.5, 25.5, 25.25, 25.0, 24.75, 25.5, 25.75, 24.75, 25.5, 24.75, 25.25, 25.25, 25.0, 25.25, 25.75, 25.75, 25.75, 25.25, 25.5, 25.25, 25.0, 25.5, 25.75, 25.75, 25.75, 26.5, 26.5, 25.5, 25.5, 25.5, 25.75, 25.75, 27.0, 28.0, 28.0, 27.0, 25.75, 25.75, 26.25, 27.25, 27.25, 27.25, 27.75, 27.75, 26.5, 27.25]"
1519925871.809904 "[24.5, 24.75, 25.0, 25.25, 24.5, 24.5, 25.0, 26.25, 24.75, 24.5, 25.25, 25.0, 24.75, 25.25, 24.75, 25.25, 25.5, 25.5, 25.5, 25.5, 25.25, 25.0, 24.75, 25.5, 25.75, 25.0, 24.75, 25.5, 25.25, 25.75, 25.0, 25.5, 26.0, 25.25, 26.0, 25.0, 25.25, 25.5, 24.75, 25.5, 25.75, 26.0, 25.75, 26.25, 26.25, 25.5, 26.0, 25.5, 25.25, 25.75, 26.75, 27.75, 28.25, 27.25, 25.75, 25.75, 26.5, 27.0, 27.25, 27.25, 28.0, 27.25, 26.25, 27.25]"
1519925871.85707 "[24.75, 24.5, 25.25, 24.75, 24.5, 24.75, 24.75, 26.5, 25.0, 24.75, 25.0, 25.0, 24.5, 25.25, 24.5, 24.75, 26.0, 25.25, 24.75, 25.25, 25.0, 25.0, 24.75, 25.5, 25.5, 25.0, 24.75, 25.5, 25.25, 25.75, 25.0, 25.5, 26.0, 25.25, 26.0, 25.0, 25.25, 25.5, 24.75, 25.5, 25.75, 26.0, 25.75, 26.25, 26.25, 25.5, 26.0, 25.5, 25.25, 25.75, 26.75, 27.75, 28.25, 27.25, 25.75, 25.75, 26.5, 27.0, 27.25, 27.25, 28.0, 27.25, 26.25, 27.25]"
1519925871.904004 "[24.75, 24.5, 25.25, 24.75, 24.5, 24.75, 24.75, 26.5, 25.0, 24.75, 25.0, 25.0, 24.5, 25.25, 24.5, 24.75, 26.0, 25.25, 24.75, 25.25, 25.0, 25.0, 24.75, 25.5, 25.5, 25.0, 24.75, 25.5, 25.25, 25.75, 25.0, 25.5, 26.0, 25.25, 26.0, 25.0, 25.25, 25.5, 24.75, 25.5, 25.75, 26.0, 25.75, 26.25, 26.25, 25.5, 25.75, 25.5, 25.75, 26.0, 26.5, 27.75, 29.0, 27.5, 26.25, 25.5, 26.25, 27.25, 26.75, 26.5, 27.5, 27.5, 26.25, 27.0]"
1519925871.945005 "[25.0, 25.0, 25.25, 25.25, 24.75, 24.75, 25.0, 25.75, 24.75, 24.5, 25.5, 25.25, 24.75, 25.25, 24.75, 25.5, 25.5, 25.5, 25.25, 25.0, 25.0, 25.0, 24.5, 25.0, 25.5, 25.0, 25.0, 25.25, 25.75, 25.5, 25.0, 25.0, 25.75, 26.0, 25.25, 25.25, 25.5, 25.5, 25.25, 25.75, 25.5, 25.75, 25.75, 26.75, 27.0, 25.5, 25.75, 25.5, 25.75, 26.0, 26.5, 27.75, 29.0, 27.5, 26.25, 25.5, 26.25, 27.25, 26.75, 26.5, 27.5, 27.5, 26.25, 27.0]"
1519925871.998187 "[25.0, 25.0, 25.25, 25.25, 24.75, 24.75, 25.0, 25.75, 24.75, 24.5, 25.5, 25.25, 24.75, 25.25, 24.75, 25.5, 25.5, 25.5, 25.25, 25.0, 25.0, 25.0, 24.5, 25.0, 25.5, 25.0, 25.0, 25.25, 25.75, 25.5, 25.0, 25.0, 25.75, 26.0, 25.25, 25.25, 25.5, 25.5, 25.25, 25.75, 25.5, 25.75, 25.75, 26.75, 27.0, 25.5, 25.75, 25.5, 25.75, 26.0, 26.5, 27.75, 29.0, 27.5, 26.25, 25.5, 26.25, 27.25, 26.75, 26.5, 27.25, 27.5, 27.0, 26.5]"
1519925872.045449 "[24.75, 24.75, 25.25, 25.5, 25.0, 24.75, 25.25, 26.0, 25.0, 24.5, 25.25, 25.0, 24.5, 25.0, 25.0, 25.0, 25.25, 25.25, 25.25, 25.25, 25.0, 25.0, 24.5, 26.0, 25.0, 25.0, 25.0, 25.0, 25.0, 25.5, 25.0, 25.25, 26.0, 25.75, 25.5, 26.0, 25.5, 25.5, 25.0, 25.25, 25.75, 25.75, 26.0, 27.0, 27.25, 26.75, 26.0, 25.75, 25.5, 26.25, 26.75, 27.75, 28.25, 27.25, 25.5, 25.5, 27.25, 27.25, 26.75, 27.0, 27.25, 27.5, 27.0, 26.5]"
1519925872.092534 "[24.75, 24.75, 25.25, 25.5, 25.0, 24.75, 25.25, 26.0, 25.0, 24.5, 25.25, 25.0, 24.5, 25.0, 25.0, 25.0, 25.25, 25.25, 25.25, 25.25, 25.0, 25.0, 24.5, 26.0, 25.0, 25.0, 25.0, 25.0, 25.0, 25.5, 25.0, 25.25, 26.0, 25.75, 25.5, 26.0, 25.5, 25.5, 25.0, 25.25, 25.75, 25.75, 26.0, 27.0, 27.25, 26.75, 26.0, 25.75, 25.5, 26.25, 26.75, 27.75, 28.25, 27.25, 25.5, 25.5, 27.25, 27.25, 26.75, 27.0, 27.25, 27.5, 27.0, 26.5]"
1519925872.13929 "[24.75, 24.75, 25.25, 25.25, 24.75, 24.5, 25.25, 25.5, 25.0, 24.75, 25.25, 24.75, 24.5, 25.25, 25.0, 25.25, 25.25, 25.25, 25.25, 25.5, 25.0, 25.0, 25.25, 25.5, 25.0, 25.25, 25.0, 25.25, 25.5, 25.75, 25.0, 25.5, 25.75, 25.25, 25.5, 26.5, 26.0, 25.5, 25.25, 25.75, 25.5, 25.75, 25.75, 27.0, 27.25, 27.0, 26.0, 25.75, 25.75, 26.5, 26.75, 27.5, 28.25, 27.0, 26.0, 25.75, 26.75, 26.5, 26.75, 26.5, 26.75, 27.0, 26.5, 26.5]"
1519925872.180578 "[24.25, 24.5, 25.25, 25.25, 24.75, 24.5, 25.25, 25.5, 25.0, 24.75, 25.25, 24.75, 24.5, 25.25, 25.0, 25.25, 25.25, 25.25, 25.25, 25.5, 25.0, 25.0, 25.25, 25.5, 25.0, 25.25, 25.0, 25.25, 25.5, 25.75, 25.0, 25.5, 25.75, 25.25, 25.5, 26.5, 26.0, 25.5, 25.25, 25.75, 25.5, 25.75, 25.75, 27.0, 27.25, 27.0, 26.0, 25.75, 25.75, 26.5, 26.75, 27.5, 28.25, 27.0, 26.0, 25.75, 26.75, 26.5, 26.75, 26.5, 26.75, 27.0, 26.5, 26.5]"
1519925872.226924 "[24.25, 24.5, 25.25, 25.25, 24.75, 24.5, 25.25, 25.5, 25.0, 24.75, 25.25, 24.75, 24.5, 25.25, 25.0, 25.25, 25.25, 25.25, 25.25, 25.5, 25.0, 25.0, 25.25, 25.5, 25.0, 25.25, 25.0, 25.25, 25.0, 25.75, 25.25, 25.0, 26.0, 25.25, 25.75, 27.0, 26.5, 26.25, 25.5, 25.0, 25.5, 25.75, 26.5, 27.75, 28.25, 27.0, 26.0, 26.0, 25.5, 25.75, 26.75, 27.25, 27.5, 26.25, 26.0, 25.75, 26.75, 27.25, 27.25, 26.75, 27.25, 27.0, 26.5, 27.0]"
1519925872.276789 "[24.75, 25.0, 25.0, 25.25, 25.0, 24.75, 25.5, 25.75, 24.25, 25.0, 25.0, 25.0, 24.5, 24.75, 25.25, 25.25, 25.5, 25.5, 25.25, 25.5, 25.0, 24.75, 25.25, 25.5, 25.5, 25.0, 25.5, 25.5, 25.0, 25.75, 25.25, 25.0, 26.0, 25.25, 25.75, 27.0, 26.5, 26.25, 25.5, 25.0, 25.5, 25.75, 26.5, 27.75, 28.25, 27.0, 26.0, 26.0, 25.5, 25.75, 26.75, 27.25, 27.5, 26.25, 26.0, 25.75, 26.75, 27.25, 27.25, 26.75, 27.25, 27.0, 26.5, 27.0]"
1519925872.318252 "[24.75, 25.0, 25.0, 25.25, 25.0, 24.75, 25.5, 25.75, 24.25, 25.0, 25.0, 25.0, 24.5, 24.75, 25.25, 25.25, 25.5, 25.5, 25.25, 25.5, 25.0, 24.75, 25.25, 25.5, 25.5, 25.0, 25.5, 25.5, 25.0, 25.75, 25.25, 25.0, 26.0, 25.25, 25.75, 27.0, 26.5, 26.25, 25.5, 25.5, 25.5, 25.5, 26.0, 27.75, 28.0, 26.0, 25.75, 26.0, 26.25, 26.5, 26.75, 26.75, 26.75, 26.75, 25.75, 26.75, 26.5, 26.75, 27.0, 26.25, 26.5, 27.0, 27.25, 27.25]"
1519925872.365612 "[24.25, 25.0, 25.25, 25.25, 25.0, 24.75, 25.25, 25.5, 25.5, 24.5, 25.25, 25.25, 24.75, 25.0, 25.0, 25.25, 25.75, 25.25, 25.5, 25.5, 25.0, 25.0, 25.0, 25.75, 25.25, 25.25, 25.0, 25.0, 25.5, 26.0, 25.5, 25.25, 26.0, 25.5, 25.75, 27.5, 28.0, 26.75, 25.5, 25.5, 25.5, 25.5, 26.0, 27.75, 28.0, 26.0, 25.75, 26.0, 26.25, 26.5, 26.75, 26.75, 26.75, 26.75, 25.75, 26.75, 26.5, 26.75, 27.0, 26.25, 26.5, 27.0, 27.25, 27.25]"
1519925872.418781 "[24.25, 25.0, 25.25, 25.25, 25.0, 24.75, 25.25, 25.5, 25.5, 24.5, 25.25, 25.25, 24.75, 25.0, 25.0, 25.25, 25.75, 25.25, 25.5, 25.5, 25.0, 25.0, 25.0, 25.75, 25.25, 25.25, 25.0, 25.0, 25.5, 26.0, 25.5, 25.25, 26.0, 25.5, 25.75, 27.5, 28.0, 26.75, 25.5, 25.5, 25.5, 25.5, 26.0, 27.75, 28.0, 26.0, 25.75, 26.0, 26.25, 26.5, 26.5, 26.75, 26.25, 26.25, 26.0, 25.75, 27.0, 26.75, 26.25, 26.5, 26.75, 26.25, 26.5, 27.0]"
1519925872.466571 "[25.25, 25.0, 25.75, 25.25, 25.5, 24.75, 25.5, 25.5, 24.75, 25.0, 25.0, 25.0, 24.75, 25.25, 25.25, 24.75, 25.75, 25.75, 25.25, 25.5, 25.25, 25.0, 25.25, 25.75, 25.5, 25.5, 25.5, 25.75, 27.0, 26.25, 25.5, 26.0, 26.0, 25.75, 26.25, 28.0, 28.25, 26.75, 25.5, 25.75, 25.75, 26.25, 26.0, 27.75, 28.0, 26.5, 26.0, 26.5, 26.0, 26.0, 26.5, 26.75, 26.25, 26.25, 26.0, 25.75, 27.0, 26.75, 26.25, 26.5, 26.75, 26.25, 26.5, 27.0]"
